2.000E+1,9.385E-1,6.375E-10
2.003E+1,1.016E+0,9.914E-10
2.000E+1,1.023E+0,1.022E-9
2.000E+1,1.017E+0,1.021E-9
2.000E+1,1.011E+0,1.012E-9
2.000E+1,1.010E+0,1.010E-9
2.000E+1,1.011E+0,1.018E-9
2.000E+1,1.014E+0,1.031E-9
2.000E+1,1.007E+0,1.012E-9
2.000E+1,1.012E+0,1.033E-9
2.000E+1,1.009E+0,1.025E-9
2.000E+1,1.011E+0,1.038E-9
2.000E+1,1.016E+0,1.054E-9
2.000E+1,1.010E+0,1.034E-9
2.000E+1,1.012E+0,1.047E-9
2.000E+1,1.013E+0,1.053E-9
2.002E+1,1.013E+0,1.070E-9
2.022E+1,1.029E+0,1.147E-9
2.042E+1,1.024E+0,1.006E-9
2.062E+1,1.021E+0,1.075E-9
2.082E+1,1.042E+0,9.912E-10
2.102E+1,1.034E+0,1.028E-9
2.122E+1,1.021E+0,1.091E-9
2.142E+1,1.032E+0,1.119E-9
2.162E+1,1.033E+0,1.003E-9
2.182E+1,1.013E+0,1.076E-9
2.202E+1,1.024E+0,1.201E-9
2.222E+1,1.026E+0,1.028E-9
2.242E+1,1.023E+0,1.272E-9
2.262E+1,1.017E+0,1.048E-9
2.282E+1,1.016E+0,1.286E-9
2.302E+1,1.029E+0,1.161E-9
2.322E+1,1.038E+0,1.236E-9
2.342E+1,1.009E+0,1.424E-9
2.362E+1,1.027E+0,1.256E-9
2.382E+1,1.016E+0,1.331E-9
2.402E+1,1.032E+0,1.412E-9
2.422E+1,1.008E+0,1.443E-9
2.442E+1,1.022E+0,1.659E-9
2.462E+1,1.026E+0,1.408E-9
2.482E+1,1.021E+0,1.269E-9
2.502E+1,1.018E+0,1.330E-9
2.522E+1,1.012E+0,1.294E-9
2.542E+1,1.009E+0,1.571E-9
2.562E+1,1.017E+0,1.677E-9
2.582E+1,1.026E+0,1.502E-9
2.602E+1,1.001E+0,1.443E-9
2.622E+1,1.024E+0,1.596E-9
2.642E+1,1.001E+0,1.595E-9
2.662E+1,1.023E+0,1.475E-9
2.682E+1,1.009E+0,1.577E-9
2.702E+1,1.006E+0,1.637E-9
2.722E+1,1.011E+0,1.638E-9
2.742E+1,1.014E+0,1.796E-9
2.762E+1,1.013E+0,1.689E-9
2.782E+1,1.018E+0,1.833E-9
2.802E+1,1.024E+0,1.851E-9
2.822E+1,1.012E+0,1.848E-9
2.842E+1,1.001E+0,2.099E-9
2.862E+1,1.028E+0,1.979E-9
2.882E+1,9.986E-1,2.088E-9
2.902E+1,1.026E+0,2.096E-9
2.922E+1,1.010E+0,2.238E-9
2.942E+1,1.005E+0,2.226E-9
2.962E+1,1.014E+0,2.362E-9
2.982E+1,1.015E+0,2.365E-9
3.002E+1,1.013E+0,2.389E-9
3.022E+1,1.010E+0,2.427E-9
3.042E+1,1.013E+0,2.416E-9
3.062E+1,1.020E+0,2.617E-9
3.082E+1,1.010E+0,2.490E-9
3.102E+1,1.002E+0,2.825E-9
3.122E+1,1.021E+0,2.818E-9
3.142E+1,1.001E+0,2.787E-9
3.162E+1,1.013E+0,2.800E-9
3.182E+1,1.017E+0,3.162E-9
3.202E+1,1.007E+0,3.229E-9
3.222E+1,1.006E+0,3.145E-9
3.242E+1,1.009E+0,3.185E-9
3.262E+1,1.012E+0,3.486E-9
3.282E+1,1.015E+0,3.729E-9
3.302E+1,1.011E+0,3.175E-9
3.322E+1,9.986E-1,2.977E-9
3.342E+1,1.012E+0,3.372E-9
3.362E+1,1.013E+0,3.446E-9
3.382E+1,1.004E+0,3.766E-9
3.402E+1,1.008E+0,4.254E-9
3.422E+1,1.016E+0,3.539E-9
3.442E+1,1.002E+0,3.839E-9
3.462E+1,1.002E+0,3.509E-9
3.482E+1,1.006E+0,3.018E-9
3.502E+1,1.007E+0,2.747E-9
3.522E+1,1.008E+0,2.550E-9
3.542E+1,1.012E+0,2.393E-9
3.562E+1,1.009E+0,2.445E-9
3.582E+1,9.964E-1,2.425E-9
3.602E+1,1.010E+0,2.536E-9
3.622E+1,1.003E+0,2.672E-9
3.642E+1,1.009E+0,2.498E-9
3.662E+1,9.966E-1,2.648E-9
3.682E+1,1.010E+0,2.941E-9
3.702E+1,1.008E+0,2.741E-9
3.722E+1,1.004E+0,2.925E-9
3.742E+1,1.004E+0,3.040E-9
3.762E+1,1.005E+0,3.114E-9
3.782E+1,1.004E+0,3.180E-9
3.802E+1,9.968E-1,3.450E-9
3.822E+1,9.984E-1,3.183E-9
3.842E+1,1.013E+0,3.507E-9
3.862E+1,9.939E-1,3.703E-9
3.882E+1,1.011E+0,3.535E-9
3.902E+1,9.930E-1,3.699E-9
3.922E+1,1.010E+0,3.882E-9
3.942E+1,1.006E+0,4.038E-9
3.962E+1,9.993E-1,4.133E-9
3.982E+1,9.997E-1,4.183E-9
4.002E+1,1.001E+0,4.237E-9
4.020E+1,9.990E-1,4.293E-9
4.040E+1,9.992E-1,4.448E-9
4.060E+1,9.927E-1,4.372E-9
4.080E+1,9.915E-1,4.712E-9
4.100E+1,1.004E+0,4.878E-9
4.120E+1,9.877E-1,4.904E-9
4.140E+1,1.004E+0,4.882E-9
4.160E+1,9.881E-1,5.049E-9
4.180E+1,9.955E-1,5.352E-9
4.200E+1,1.000E+0,5.059E-9
4.220E+1,9.966E-1,5.664E-9
4.240E+1,9.947E-1,5.390E-9
4.260E+1,9.945E-1,5.839E-9
4.280E+1,9.923E-1,5.526E-9
4.300E+1,9.885E-1,6.182E-9
4.320E+1,9.938E-1,5.891E-9
4.340E+1,1.003E+0,6.240E-9
4.360E+1,9.854E-1,6.426E-9
4.380E+1,1.003E+0,6.527E-9
4.400E+1,9.856E-1,6.369E-9
4.420E+1,9.997E-1,6.702E-9
4.440E+1,9.982E-1,7.114E-9
4.460E+1,9.921E-1,7.157E-9
4.480E+1,9.921E-1,7.234E-9
4.500E+1,9.941E-1,7.389E-9
4.520E+1,9.963E-1,7.547E-9
4.540E+1,9.964E-1,7.613E-9
4.560E+1,9.902E-1,7.630E-9
4.580E+1,9.891E-1,8.182E-9
4.600E+1,1.001E+0,8.500E-9
4.620E+1,9.858E-1,8.328E-9
4.640E+1,1.000E+0,8.439E-9
4.660E+1,9.858E-1,8.845E-9
4.680E+1,9.938E-1,8.999E-9
4.700E+1,9.963E-1,8.773E-9
4.720E+1,9.938E-1,9.816E-9
4.740E+1,9.920E-1,9.301E-9
4.760E+1,9.919E-1,9.983E-9
4.780E+1,9.900E-1,9.463E-9
4.800E+1,9.874E-1,1.066E-8
4.820E+1,9.898E-1,1.053E-8
4.840E+1,9.998E-1,1.017E-8
4.860E+1,9.847E-1,1.120E-8
4.880E+1,9.976E-1,1.080E-8
4.900E+1,9.836E-1,1.145E-8
4.920E+1,9.972E-1,1.020E-8
4.940E+1,9.965E-1,1.194E-8
4.960E+1,9.903E-1,1.315E-8
4.980E+1,9.899E-1,1.318E-8
5.000E+1,9.913E-1,1.310E-8
5.020E+1,9.933E-1,1.336E-8
5.040E+1,9.938E-1,1.329E-8
5.060E+1,9.890E-1,1.191E-8
5.080E+1,9.880E-1,1.107E-8
5.100E+1,9.980E-1,1.327E-8
5.120E+1,9.820E-1,1.176E-8
5.140E+1,9.960E-1,1.234E-8
5.160E+1,9.847E-1,1.091E-8
5.180E+1,9.898E-1,1.215E-8
5.200E+1,9.929E-1,1.134E-8
5.220E+1,9.912E-1,1.110E-8
5.240E+1,9.883E-1,1.122E-8
5.260E+1,9.896E-1,1.085E-8
5.280E+1,9.869E-1,1.112E-8
5.300E+1,9.843E-1,1.119E-8
5.320E+1,9.874E-1,1.077E-8
5.340E+1,9.951E-1,1.135E-8
5.360E+1,9.812E-1,1.121E-8
5.380E+1,9.949E-1,1.101E-8
5.400E+1,9.807E-1,1.124E-8
5.420E+1,9.921E-1,1.151E-8
5.440E+1,9.907E-1,1.184E-8
5.460E+1,9.855E-1,1.209E-8
5.480E+1,9.855E-1,1.246E-8
5.500E+1,9.867E-1,1.281E-8
5.520E+1,9.885E-1,1.324E-8
5.540E+1,9.886E-1,1.366E-8
5.560E+1,9.833E-1,1.400E-8
5.580E+1,9.818E-1,1.479E-8
5.600E+1,9.922E-1,1.540E-8
5.620E+1,9.796E-1,1.597E-8
5.640E+1,9.916E-1,1.597E-8
5.660E+1,9.786E-1,1.687E-8
5.680E+1,9.853E-1,1.765E-8
5.700E+1,9.879E-1,1.733E-8
5.720E+1,9.845E-1,1.883E-8
5.740E+1,9.837E-1,1.891E-8
5.760E+1,9.828E-1,1.994E-8
5.780E+1,9.818E-1,1.992E-8
5.800E+1,9.782E-1,2.159E-8
5.820E+1,9.814E-1,2.117E-8
5.840E+1,9.883E-1,2.203E-8
5.860E+1,9.752E-1,2.338E-8
5.880E+1,9.872E-1,2.313E-8
5.900E+1,9.747E-1,2.373E-8
5.920E+1,9.841E-1,2.432E-8
5.940E+1,9.833E-1,2.525E-8
5.960E+1,9.781E-1,2.570E-8
5.980E+1,9.777E-1,2.612E-8
6.000E+1,9.791E-1,2.647E-8
6.020E+1,9.795E-1,2.677E-8
6.040E+1,9.792E-1,2.716E-8
6.060E+1,9.747E-1,2.753E-8
6.080E+1,9.731E-1,2.811E-8
6.100E+1,9.816E-1,2.859E-8
6.120E+1,9.697E-1,2.892E-8
6.140E+1,9.807E-1,2.838E-8
6.160E+1,9.688E-1,2.929E-8
6.180E+1,9.732E-1,2.984E-8
6.200E+1,9.752E-1,2.891E-8
6.220E+1,9.726E-1,2.994E-8
6.240E+1,9.709E-1,2.933E-8
6.260E+1,9.697E-1,2.991E-8
6.280E+1,9.665E-1,2.950E-8
6.300E+1,9.640E-1,3.028E-8
6.320E+1,9.651E-1,2.968E-8
6.340E+1,9.703E-1,3.034E-8
6.360E+1,9.576E-1,3.074E-8
6.380E+1,9.675E-1,3.054E-8
6.400E+1,9.549E-1,3.095E-8
6.419E+1,9.621E-1,3.141E-8
6.439E+1,9.593E-1,3.154E-8
6.460E+1,9.539E-1,3.127E-8
6.480E+1,9.536E-1,3.130E-8
6.500E+1,9.528E-1,3.124E-8
6.520E+1,9.524E-1,3.120E-8
6.540E+1,9.518E-1,3.158E-8
6.559E+1,9.486E-1,3.183E-8
6.579E+1,9.443E-1,3.199E-8
6.600E+1,9.519E-1,3.358E-8
6.620E+1,9.420E-1,3.482E-8
6.640E+1,9.566E-1,3.583E-8
6.661E+1,9.473E-1,5.222E-8
6.681E+1,9.580E-1,6.665E-8
6.702E+1,9.665E-1,5.766E-8
6.721E+1,9.730E-1,5.714E-8
6.741E+1,9.810E-1,5.248E-8
6.762E+1,9.888E-1,5.252E-8
6.782E+1,9.954E-1,4.912E-8
6.801E+1,9.997E-1,4.999E-8
6.822E+1,1.009E+0,4.683E-8
6.841E+1,1.017E+0,4.746E-8
6.861E+1,1.008E+0,4.814E-8
6.883E+1,1.023E+0,4.789E-8
6.900E+1,1.011E+0,4.779E-8
6.922E+1,1.016E+0,4.951E-8
6.940E+1,1.017E+0,5.062E-8
6.961E+1,1.011E+0,5.131E-8
6.981E+1,1.010E+0,5.212E-8
7.000E+1,1.009E+0,5.291E-8
7.019E+1,1.010E+0,5.366E-8
7.039E+1,1.010E+0,5.440E-8
7.060E+1,1.002E+0,5.508E-8
7.079E+1,9.993E-1,5.637E-8
7.099E+1,1.005E+0,5.832E-8
7.118E+1,9.919E-1,5.812E-8
7.139E+1,1.003E+0,5.784E-8
7.159E+1,9.885E-1,5.960E-8
7.179E+1,9.907E-1,6.200E-8
7.198E+1,9.938E-1,6.039E-8
7.218E+1,9.869E-1,6.438E-8
7.239E+1,9.845E-1,6.291E-8
7.259E+1,9.836E-1,6.670E-8
7.280E+1,9.839E-1,6.518E-8
7.299E+1,9.797E-1,7.021E-8
7.320E+1,9.831E-1,6.852E-8
7.339E+1,9.896E-1,7.276E-8
7.361E+1,9.815E-1,7.589E-8
7.380E+1,9.963E-1,7.707E-8
7.401E+1,9.864E-1,7.668E-8
7.422E+1,9.996E-1,8.229E-8
7.442E+1,1.003E+0,8.532E-8
7.462E+1,1.007E+0,8.795E-8
7.483E+1,1.012E+0,9.022E-8
7.503E+1,1.019E+0,9.244E-8
7.522E+1,1.028E+0,9.450E-8
7.542E+1,1.033E+0,9.625E-8
7.562E+1,1.032E+0,9.790E-8
7.582E+1,1.039E+0,1.002E-7
7.602E+1,1.047E+0,1.061E-7
7.622E+1,1.041E+0,1.019E-7
7.642E+1,1.052E+0,1.026E-7
7.662E+1,1.045E+0,1.071E-7
7.682E+1,1.045E+0,1.070E-7
7.702E+1,1.053E+0,1.046E-7
7.722E+1,1.054E+0,1.118E-7
7.742E+1,1.050E+0,1.053E-7
7.761E+1,1.047E+0,1.125E-7
7.782E+1,1.048E+0,1.059E-7
7.802E+1,1.048E+0,1.130E-7
7.822E+1,1.052E+0,1.103E-7
7.841E+1,1.049E+0,1.093E-7
7.861E+1,1.043E+0,1.136E-7
7.881E+1,1.050E+0,1.136E-7
7.901E+1,1.042E+0,1.101E-7
7.921E+1,1.042E+0,1.109E-7
7.941E+1,1.047E+0,1.142E-7
7.961E+1,1.043E+0,1.143E-7
7.981E+1,1.041E+0,1.145E-7
8.001E+1,1.040E+0,1.146E-7
8.021E+1,1.039E+0,1.146E-7
8.041E+1,1.037E+0,1.149E-7
8.061E+1,1.034E+0,1.152E-7
8.081E+1,1.040E+0,1.190E-7
8.101E+1,1.038E+0,1.185E-7
8.121E+1,1.033E+0,1.158E-7
8.141E+1,1.037E+0,1.162E-7
8.161E+1,1.035E+0,1.209E-7
8.181E+1,1.030E+0,1.193E-7
8.201E+1,1.033E+0,1.172E-7
8.221E+1,1.034E+0,1.244E-7
8.241E+1,1.032E+0,1.176E-7
8.261E+1,1.031E+0,1.250E-7
8.281E+1,1.029E+0,1.183E-7
8.301E+1,1.030E+0,1.255E-7
8.321E+1,1.034E+0,1.235E-7
8.341E+1,1.027E+0,1.213E-7
8.361E+1,1.027E+0,1.264E-7
8.381E+1,1.030E+0,1.268E-7
8.401E+1,1.028E+0,1.241E-7
8.421E+1,1.024E+0,1.234E-7
8.441E+1,1.029E+0,1.277E-7
8.461E+1,1.029E+0,1.279E-7
8.481E+1,1.027E+0,1.282E-7
8.501E+1,1.026E+0,1.285E-7
8.521E+1,1.025E+0,1.287E-7
8.541E+1,1.023E+0,1.290E-7
8.561E+1,1.023E+0,1.292E-7
8.581E+1,1.028E+0,1.335E-7
8.601E+1,1.022E+0,1.325E-7
8.621E+1,1.022E+0,1.296E-7
8.641E+1,1.023E+0,1.300E-7
8.661E+1,1.025E+0,1.357E-7
8.681E+1,1.019E+0,1.320E-7
8.701E+1,1.021E+0,1.308E-7
8.721E+1,1.023E+0,1.380E-7
8.741E+1,1.022E+0,1.311E-7
8.761E+1,1.021E+0,1.383E-7
8.781E+1,1.020E+0,1.316E-7
8.801E+1,1.022E+0,1.388E-7
8.821E+1,1.024E+0,1.379E-7
8.841E+1,1.017E+0,1.337E-7
8.861E+1,1.021E+0,1.396E-7
8.881E+1,1.019E+0,1.401E-7
8.901E+1,1.022E+0,1.380E-7
8.921E+1,1.016E+0,1.361E-7
8.941E+1,1.020E+0,1.408E-7
8.961E+1,1.021E+0,1.411E-7
8.981E+1,1.020E+0,1.414E-7
9.000E+1,1.019E+0,1.417E-7
9.020E+1,1.018E+0,1.420E-7
9.040E+1,1.016E+0,1.421E-7
9.061E+1,1.017E+0,1.425E-7
9.082E+1,1.021E+0,1.473E-7
9.102E+1,1.015E+0,1.446E-7
9.121E+1,1.019E+0,1.430E-7
9.140E+1,1.016E+0,1.432E-7
9.162E+1,1.020E+0,1.495E-7
9.181E+1,1.015E+0,1.444E-7
9.200E+1,1.015E+0,1.439E-7
9.222E+1,1.016E+0,1.510E-7
9.240E+1,1.017E+0,1.444E-7
9.262E+1,1.015E+0,1.518E-7
9.280E+1,1.017E+0,1.449E-7
9.301E+1,1.018E+0,1.519E-7
9.321E+1,1.017E+0,1.516E-7
9.340E+1,1.013E+0,1.463E-7
9.361E+1,1.018E+0,1.529E-7
9.381E+1,1.012E+0,1.529E-7
9.401E+1,1.019E+0,1.519E-7
9.420E+1,1.012E+0,1.487E-7
9.441E+1,1.015E+0,1.531E-7
9.461E+1,1.017E+0,1.543E-7
9.481E+1,1.016E+0,1.546E-7
9.501E+1,1.015E+0,1.548E-7
9.520E+1,1.013E+0,1.551E-7
9.540E+1,1.013E+0,1.552E-7
9.559E+1,1.014E+0,1.565E-7
9.579E+1,1.016E+0,1.606E-7
9.601E+1,1.010E+0,1.571E-7
9.622E+1,1.019E+0,1.567E-7
9.641E+1,1.010E+0,1.565E-7
9.660E+1,1.015E+0,1.632E-7
9.682E+1,1.015E+0,1.576E-7
9.700E+1,1.011E+0,1.576E-7
9.721E+1,1.012E+0,1.638E-7
9.741E+1,1.015E+0,1.580E-7
9.761E+1,1.011E+0,1.644E-7
9.781E+1,1.015E+0,1.590E-7
9.801E+1,1.016E+0,1.646E-7
9.820E+1,1.010E+0,1.650E-7
9.841E+1,1.012E+0,1.593E-7
9.861E+1,1.016E+0,1.660E-7
9.881E+1,1.006E+0,1.658E-7
9.901E+1,1.016E+0,1.659E-7
9.921E+1,1.012E+0,1.631E-7
9.941E+1,1.012E+0,1.645E-7
9.961E+1,1.014E+0,1.671E-7
9.981E+1,1.013E+0,1.675E-7
1.000E+2,1.012E+0,1.676E-7
1.002E+2,1.011E+0,1.678E-7
1.004E+2,1.010E+0,1.679E-7
1.006E+2,1.012E+0,1.712E-7
1.008E+2,1.011E+0,1.719E-7
1.010E+2,1.008E+0,1.691E-7
1.012E+2,1.018E+0,1.697E-7
1.014E+2,1.008E+0,1.696E-7
1.016E+2,1.010E+0,1.762E-7
1.018E+2,1.014E+0,1.703E-7
1.020E+2,1.009E+0,1.722E-7
1.022E+2,1.008E+0,1.755E-7
1.024E+2,1.013E+0,1.716E-7
1.026E+2,1.008E+0,1.776E-7
1.028E+2,1.014E+0,1.741E-7
1.030E+2,1.012E+0,1.768E-7
1.032E+2,1.007E+0,1.788E-7
1.034E+2,1.011E+0,1.730E-7
1.036E+2,1.014E+0,1.796E-7
1.038E+2,1.004E+0,1.794E-7
1.040E+2,1.014E+0,1.802E-7
1.042E+2,1.012E+0,1.778E-7
1.044E+2,1.009E+0,1.773E-7
1.046E+2,1.010E+0,1.811E-7
1.048E+2,1.011E+0,1.816E-7
1.050E+2,1.010E+0,1.819E-7
1.052E+2,1.010E+0,1.821E-7
1.054E+2,1.011E+0,1.827E-7
1.056E+2,1.012E+0,1.863E-7
1.058E+2,1.009E+0,1.858E-7
1.060E+2,1.008E+0,1.833E-7
1.062E+2,1.015E+0,1.845E-7
1.064E+2,1.007E+0,1.843E-7
1.066E+2,1.010E+0,1.905E-7
1.068E+2,1.014E+0,1.850E-7
1.070E+2,1.009E+0,1.887E-7
1.072E+2,1.009E+0,1.878E-7
1.074E+2,1.010E+0,1.865E-7
1.076E+2,1.011E+0,1.916E-7
1.078E+2,1.012E+0,1.903E-7
1.080E+2,1.012E+0,1.894E-7
1.082E+2,1.007E+0,1.933E-7
1.084E+2,1.011E+0,1.881E-7
1.086E+2,1.012E+0,1.933E-7
1.088E+2,1.008E+0,1.936E-7
1.090E+2,1.011E+0,1.947E-7
1.092E+2,1.012E+0,1.925E-7
1.094E+2,1.008E+0,1.920E-7
1.096E+2,1.009E+0,1.942E-7
1.098E+2,1.010E+0,1.955E-7
1.100E+2,1.010E+0,1.958E-7
1.102E+2,1.010E+0,1.959E-7
1.104E+2,1.011E+0,1.976E-7
1.106E+2,1.012E+0,1.992E-7
1.108E+2,1.008E+0,1.986E-7
1.110E+2,1.010E+0,1.966E-7
1.112E+2,1.011E+0,1.975E-7
1.114E+2,1.009E+0,1.988E-7
1.116E+2,1.009E+0,2.018E-7
1.118E+2,1.012E+0,1.979E-7
1.120E+2,1.009E+0,2.015E-7
1.122E+2,1.009E+0,2.007E-7
1.124E+2,1.009E+0,2.005E-7
1.126E+2,1.010E+0,2.028E-7
1.128E+2,1.010E+0,2.026E-7
1.130E+2,1.009E+0,2.018E-7
1.132E+2,1.007E+0,2.054E-7
1.134E+2,1.011E+0,2.026E-7
1.136E+2,1.009E+0,2.040E-7
1.138E+2,1.010E+0,2.067E-7
1.140E+2,1.008E+0,2.073E-7
1.142E+2,1.012E+0,2.064E-7
1.144E+2,1.008E+0,2.061E-7
1.146E+2,1.007E+0,2.055E-7
1.148E+2,1.008E+0,2.087E-7
1.150E+2,1.009E+0,2.094E-7
1.152E+2,1.010E+0,2.102E-7
1.154E+2,1.011E+0,2.135E-7
1.156E+2,1.010E+0,2.126E-7
1.158E+2,1.006E+0,2.121E-7
1.160E+2,1.011E+0,2.119E-7
1.162E+2,1.008E+0,2.122E-7
1.164E+2,1.011E+0,2.160E-7
1.166E+2,1.006E+0,2.154E-7
1.168E+2,1.010E+0,2.138E-7
1.170E+2,1.010E+0,2.183E-7
1.172E+2,1.008E+0,2.158E-7
1.174E+2,1.008E+0,2.181E-7
1.176E+2,1.009E+0,2.176E-7
1.178E+2,1.009E+0,2.203E-7
1.180E+2,1.007E+0,2.174E-7
1.182E+2,1.007E+0,2.222E-7
1.184E+2,1.012E+0,2.208E-7
1.186E+2,1.006E+0,2.202E-7
1.188E+2,1.011E+0,2.243E-7
1.190E+2,1.006E+0,2.246E-7
1.192E+2,1.011E+0,2.250E-7
1.194E+2,1.009E+0,2.236E-7
1.196E+2,1.007E+0,2.245E-7
1.198E+2,1.008E+0,2.254E-7
1.200E+2,1.009E+0,2.274E-7
1.202E+2,1.009E+0,2.296E-7
1.204E+2,1.010E+0,2.300E-7
1.206E+2,1.008E+0,2.311E-7
1.208E+2,1.006E+0,2.293E-7
1.210E+2,1.011E+0,2.301E-7
1.212E+2,1.006E+0,2.302E-7
1.214E+2,1.012E+0,2.349E-7
1.216E+2,1.005E+0,2.333E-7
1.218E+2,1.009E+0,2.320E-7
1.220E+2,1.010E+0,2.375E-7
1.222E+2,1.008E+0,2.332E-7
1.224E+2,1.009E+0,2.371E-7
1.226E+2,1.008E+0,2.358E-7
1.228E+2,1.008E+0,2.398E-7
1.230E+2,1.006E+0,2.349E-7
1.232E+2,1.009E+0,2.410E-7
1.234E+2,1.011E+0,2.403E-7
1.236E+2,1.005E+0,2.377E-7
1.238E+2,1.011E+0,2.430E-7
1.240E+2,1.005E+0,2.429E-7
1.242E+2,1.009E+0,2.439E-7
1.244E+2,1.010E+0,2.425E-7
1.246E+2,1.008E+0,2.435E-7
1.248E+2,1.007E+0,2.439E-7
1.250E+2,1.008E+0,2.463E-7
1.252E+2,1.009E+0,2.467E-7
1.254E+2,1.008E+0,2.478E-7
1.256E+2,1.006E+0,2.480E-7
1.258E+2,1.007E+0,2.468E-7
1.260E+2,1.010E+0,2.482E-7
1.262E+2,1.005E+0,2.478E-7
1.264E+2,1.011E+0,2.541E-7
1.266E+2,1.006E+0,2.498E-7
1.268E+2,1.007E+0,2.498E-7
1.270E+2,1.009E+0,2.565E-7
1.272E+2,1.009E+0,2.507E-7
1.274E+2,1.008E+0,2.564E-7
1.276E+2,1.007E+0,2.525E-7
1.278E+2,1.007E+0,2.581E-7
1.280E+2,1.007E+0,2.524E-7
1.282E+2,1.009E+0,2.590E-7
1.284E+2,1.009E+0,2.594E-7
1.286E+2,1.005E+0,2.540E-7
1.288E+2,1.010E+0,2.609E-7
1.290E+2,1.006E+0,2.602E-7
1.292E+2,1.007E+0,2.617E-7
1.294E+2,1.010E+0,2.614E-7
1.296E+2,1.008E+0,2.606E-7
1.298E+2,1.008E+0,2.621E-7
1.300E+2,1.008E+0,2.632E-7
1.302E+2,1.008E+0,2.644E-7
1.304E+2,1.006E+0,2.656E-7
1.306E+2,1.006E+0,2.646E-7
1.308E+2,1.009E+0,2.646E-7
1.310E+2,1.008E+0,2.659E-7
1.312E+2,1.006E+0,2.654E-7
1.314E+2,1.008E+0,2.726E-7
1.316E+2,1.008E+0,2.666E-7
1.318E+2,1.005E+0,2.667E-7
1.320E+2,1.007E+0,2.743E-7
1.322E+2,1.009E+0,2.681E-7
1.324E+2,1.007E+0,2.745E-7
1.326E+2,1.007E+0,2.690E-7
1.328E+2,1.006E+0,2.754E-7
1.330E+2,1.008E+0,2.695E-7
1.332E+2,1.010E+0,2.769E-7
1.334E+2,1.006E+0,2.769E-7
1.336E+2,1.007E+0,2.713E-7
1.338E+2,1.008E+0,2.777E-7
1.340E+2,1.008E+0,2.782E-7
1.342E+2,1.005E+0,2.784E-7
1.344E+2,1.008E+0,2.796E-7
1.346E+2,1.008E+0,2.790E-7
1.348E+2,1.008E+0,2.793E-7
1.350E+2,1.007E+0,2.807E-7
1.352E+2,1.007E+0,2.821E-7
1.354E+2,1.005E+0,2.820E-7
1.356E+2,1.006E+0,2.816E-7
1.358E+2,1.010E+0,2.828E-7
1.360E+2,1.005E+0,2.827E-7
1.362E+2,1.007E+0,2.846E-7
1.364E+2,1.006E+0,2.884E-7
1.366E+2,1.009E+0,2.840E-7
1.368E+2,1.005E+0,2.849E-7
1.370E+2,1.006E+0,2.909E-7
1.372E+2,1.007E+0,2.856E-7
1.374E+2,1.007E+0,2.923E-7
1.376E+2,1.007E+0,2.861E-7
1.378E+2,1.006E+0,2.929E-7
1.380E+2,1.008E+0,2.881E-7
1.382E+2,1.008E+0,2.930E-7
1.384E+2,1.004E+0,2.940E-7
1.386E+2,1.009E+0,2.913E-7
1.388E+2,1.005E+0,2.921E-7
1.390E+2,1.009E+0,2.957E-7
1.392E+2,1.004E+0,2.955E-7
1.394E+2,1.006E+0,2.967E-7
1.396E+2,1.007E+0,2.967E-7
1.398E+2,1.007E+0,2.969E-7
1.400E+2,1.007E+0,2.976E-7
1.402E+2,1.006E+0,2.982E-7
1.404E+2,1.006E+0,2.982E-7
1.406E+2,1.007E+0,2.983E-7
1.408E+2,1.008E+0,2.997E-7
1.410E+2,1.003E+0,2.994E-7
1.412E+2,1.009E+0,3.039E-7
1.414E+2,1.004E+0,3.029E-7
1.416E+2,1.009E+0,3.011E-7
1.418E+2,1.006E+0,3.043E-7
1.420E+2,1.005E+0,3.041E-7
1.422E+2,1.005E+0,3.022E-7
1.424E+2,1.006E+0,3.093E-7
1.426E+2,1.006E+0,3.026E-7
1.428E+2,1.007E+0,3.104E-7
1.430E+2,1.007E+0,3.082E-7
1.432E+2,1.005E+0,3.067E-7
1.434E+2,1.004E+0,3.103E-7
1.436E+2,1.008E+0,3.085E-7
1.438E+2,1.003E+0,3.065E-7
1.440E+2,1.009E+0,3.111E-7
1.442E+2,1.006E+0,3.102E-7
1.444E+2,1.005E+0,3.105E-7
1.446E+2,1.006E+0,3.108E-7
1.448E+2,1.006E+0,3.106E-7
1.450E+2,1.006E+0,3.105E-7
1.452E+2,1.006E+0,3.106E-7
1.454E+2,1.007E+0,3.106E-7
1.456E+2,1.008E+0,3.115E-7
1.458E+2,1.006E+0,3.116E-7
1.460E+2,1.004E+0,3.111E-7
1.462E+2,1.009E+0,3.173E-7
1.464E+2,1.004E+0,3.140E-7
1.466E+2,1.006E+0,3.138E-7
1.468E+2,1.008E+0,3.180E-7
1.470E+2,1.006E+0,3.161E-7
1.472E+2,1.005E+0,3.153E-7
1.474E+2,1.006E+0,3.220E-7
1.476E+2,1.006E+0,3.169E-7
1.478E+2,1.008E+0,3.236E-7
1.480E+2,1.006E+0,3.225E-7
1.482E+2,1.004E+0,3.208E-7
1.484E+2,1.007E+0,3.253E-7
1.486E+2,1.007E+0,3.262E-7
1.488E+2,1.004E+0,3.214E-7
1.490E+2,1.007E+0,3.285E-7
1.492E+2,1.008E+0,3.286E-7
1.494E+2,1.004E+0,3.289E-7
1.496E+2,1.005E+0,3.304E-7
1.498E+2,1.005E+0,3.311E-7
1.500E+2,1.005E+0,3.318E-7
1.502E+2,1.006E+0,3.319E-7
1.504E+2,1.007E+0,3.323E-7
1.506E+2,1.007E+0,3.335E-7
1.508E+2,1.004E+0,3.338E-7
1.510E+2,1.007E+0,3.342E-7
1.512E+2,1.006E+0,3.406E-7
1.514E+2,1.006E+0,3.347E-7
1.516E+2,1.004E+0,3.354E-7
1.518E+2,1.008E+0,3.419E-7
1.520E+2,1.006E+0,3.374E-7
1.522E+2,1.005E+0,3.397E-7
1.524E+2,1.005E+0,3.409E-7
1.526E+2,1.006E+0,3.414E-7
1.528E+2,1.006E+0,3.416E-7
1.530E+2,1.005E+0,3.448E-7
1.532E+2,1.004E+0,3.395E-7
1.534E+2,1.008E+0,3.465E-7
1.536E+2,1.005E+0,3.468E-7
1.538E+2,1.006E+0,3.426E-7
1.540E+2,1.004E+0,3.454E-7
1.542E+2,1.007E+0,3.485E-7
1.544E+2,1.006E+0,3.486E-7
1.546E+2,1.004E+0,3.487E-7
1.548E+2,1.005E+0,3.499E-7
1.550E+2,1.005E+0,3.504E-7
1.552E+2,1.006E+0,3.507E-7
1.554E+2,1.006E+0,3.520E-7
1.556E+2,1.005E+0,3.518E-7
1.558E+2,1.003E+0,3.517E-7
1.560E+2,1.007E+0,3.566E-7
1.562E+2,1.003E+0,3.566E-7
1.564E+2,1.007E+0,3.538E-7
1.566E+2,1.003E+0,3.537E-7
1.568E+2,1.006E+0,3.621E-7
1.570E+2,1.006E+0,3.554E-7
1.572E+2,1.005E+0,3.597E-7
1.574E+2,1.005E+0,3.589E-7
1.576E+2,1.005E+0,3.609E-7
1.578E+2,1.004E+0,3.601E-7
1.580E+2,1.003E+0,3.645E-7
1.582E+2,1.005E+0,3.578E-7
1.584E+2,1.007E+0,3.659E-7
1.586E+2,1.002E+0,3.660E-7
1.588E+2,1.007E+0,3.636E-7
1.590E+2,1.002E+0,3.626E-7
1.592E+2,1.006E+0,3.681E-7
1.594E+2,1.006E+0,3.678E-7
1.596E+2,1.004E+0,3.686E-7
1.598E+2,1.004E+0,3.686E-7
1.600E+2,1.005E+0,3.695E-7
1.602E+2,1.006E+0,3.704E-7
1.604E+2,1.006E+0,3.703E-7
1.606E+2,1.004E+0,3.710E-7
1.608E+2,1.004E+0,3.708E-7
1.610E+2,1.006E+0,3.767E-7
1.612E+2,1.002E+0,3.743E-7
1.614E+2,1.008E+0,3.726E-7
1.616E+2,1.004E+0,3.733E-7
1.618E+2,1.003E+0,3.803E-7
1.620E+2,1.007E+0,3.740E-7
1.622E+2,1.006E+0,3.799E-7
1.624E+2,1.006E+0,3.762E-7
1.626E+2,1.005E+0,3.810E-7
1.628E+2,1.005E+0,3.769E-7
1.630E+2,1.004E+0,3.829E-7
1.632E+2,1.008E+0,3.777E-7
1.634E+2,1.006E+0,3.832E-7
1.636E+2,1.004E+0,3.840E-7
1.638E+2,1.008E+0,3.833E-7
1.640E+2,1.005E+0,3.797E-7
1.642E+2,1.005E+0,3.854E-7
1.644E+2,1.007E+0,3.863E-7
1.646E+2,1.007E+0,3.862E-7
1.648E+2,1.006E+0,3.870E-7
1.650E+2,1.006E+0,3.874E-7
1.652E+2,1.006E+0,3.879E-7
1.654E+2,1.005E+0,3.886E-7
1.656E+2,1.005E+0,3.884E-7
1.658E+2,1.007E+0,3.902E-7
1.660E+2,1.006E+0,3.949E-7
1.662E+2,1.005E+0,3.905E-7
1.664E+2,1.007E+0,3.911E-7
1.666E+2,1.007E+0,3.946E-7
1.668E+2,1.004E+0,3.943E-7
1.670E+2,1.006E+0,3.922E-7
1.672E+2,1.006E+0,3.994E-7
1.674E+2,1.006E+0,3.932E-7
1.676E+2,1.006E+0,4.001E-7
1.678E+2,1.005E+0,3.939E-7
1.680E+2,1.007E+0,4.012E-7
1.682E+2,1.008E+0,3.995E-7
1.684E+2,1.005E+0,3.983E-7
1.686E+2,1.006E+0,4.022E-7
1.688E+2,1.006E+0,4.036E-7
1.690E+2,1.007E+0,4.006E-7
1.692E+2,1.004E+0,4.006E-7
1.694E+2,1.006E+0,4.051E-7
1.696E+2,1.007E+0,4.053E-7
1.698E+2,1.007E+0,4.055E-7
1.700E+2,1.006E+0,4.058E-7
1.702E+2,1.005E+0,4.066E-7
1.704E+2,1.005E+0,4.067E-7
1.706E+2,1.006E+0,4.069E-7
1.708E+2,1.008E+0,4.125E-7
1.710E+2,1.004E+0,4.111E-7
1.712E+2,1.007E+0,4.085E-7
1.714E+2,1.004E+0,4.095E-7
1.716E+2,1.008E+0,4.139E-7
1.718E+2,1.005E+0,4.124E-7
1.720E+2,1.005E+0,4.105E-7
1.722E+2,1.006E+0,4.183E-7
1.724E+2,1.006E+0,4.122E-7
1.726E+2,1.006E+0,4.190E-7
1.728E+2,1.006E+0,4.120E-7
1.730E+2,1.007E+0,4.200E-7
1.732E+2,1.006E+0,4.186E-7
1.734E+2,1.004E+0,4.160E-7
1.736E+2,1.008E+0,4.220E-7
1.738E+2,1.004E+0,4.221E-7
1.740E+2,1.008E+0,4.197E-7
1.742E+2,1.005E+0,4.186E-7
1.744E+2,1.005E+0,4.232E-7
1.746E+2,1.007E+0,4.242E-7
1.748E+2,1.006E+0,4.245E-7
1.750E+2,1.006E+0,4.261E-7
1.752E+2,1.005E+0,4.267E-7
1.754E+2,1.005E+0,4.266E-7
1.756E+2,1.007E+0,4.269E-7
1.758E+2,1.007E+0,4.318E-7
1.760E+2,1.004E+0,4.299E-7
1.762E+2,1.008E+0,4.282E-7
1.764E+2,1.004E+0,4.285E-7
1.766E+2,1.007E+0,4.359E-7
1.768E+2,1.007E+0,4.309E-7
1.770E+2,1.005E+0,4.299E-7
1.772E+2,1.005E+0,4.379E-7
1.774E+2,1.006E+0,4.309E-7
1.776E+2,1.006E+0,4.388E-7
1.778E+2,1.007E+0,4.324E-7
1.780E+2,1.007E+0,4.395E-7
1.782E+2,1.005E+0,4.391E-7
1.784E+2,1.005E+0,4.332E-7
1.786E+2,1.008E+0,4.429E-7
1.788E+2,1.004E+0,4.407E-7
1.790E+2,1.008E+0,4.409E-7
1.792E+2,1.006E+0,4.379E-7
1.794E+2,1.004E+0,4.384E-7
1.796E+2,1.005E+0,4.425E-7
1.798E+2,1.006E+0,4.428E-7
1.800E+2,1.006E+0,4.428E-7
1.802E+2,1.006E+0,4.431E-7
1.804E+2,1.006E+0,4.437E-7
1.806E+2,1.007E+0,4.488E-7
1.808E+2,1.005E+0,4.473E-7
1.810E+2,1.005E+0,4.455E-7
1.812E+2,1.007E+0,4.460E-7
1.814E+2,1.005E+0,4.456E-7
1.816E+2,1.005E+0,4.540E-7
1.818E+2,1.007E+0,4.469E-7
1.820E+2,1.006E+0,4.503E-7
1.822E+2,1.005E+0,4.514E-7
1.824E+2,1.005E+0,4.485E-7
1.826E+2,1.006E+0,4.556E-7
1.828E+2,1.006E+0,4.533E-7
1.830E+2,1.005E+0,4.530E-7
1.832E+2,1.004E+0,4.572E-7
1.834E+2,1.007E+0,4.504E-7
1.836E+2,1.006E+0,4.581E-7
1.838E+2,1.005E+0,4.576E-7
1.840E+2,1.005E+0,4.595E-7
1.842E+2,1.007E+0,4.565E-7
1.844E+2,1.005E+0,4.563E-7
1.846E+2,1.005E+0,4.588E-7
1.848E+2,1.005E+0,4.608E-7
1.850E+2,1.005E+0,4.612E-7
1.852E+2,1.006E+0,4.607E-7
1.854E+2,1.007E+0,4.646E-7
1.856E+2,1.006E+0,4.653E-7
1.858E+2,1.004E+0,4.655E-7
1.860E+2,1.007E+0,4.629E-7
1.862E+2,1.004E+0,4.643E-7
1.864E+2,1.007E+0,4.667E-7
1.866E+2,1.004E+0,4.695E-7
1.868E+2,1.006E+0,4.653E-7
1.870E+2,1.006E+0,4.697E-7
1.872E+2,1.005E+0,4.690E-7
1.874E+2,1.005E+0,4.696E-7
1.876E+2,1.005E+0,4.708E-7
1.878E+2,1.005E+0,4.715E-7
1.880E+2,1.004E+0,4.705E-7
1.882E+2,1.005E+0,4.749E-7
1.884E+2,1.007E+0,4.725E-7
1.886E+2,1.003E+0,4.718E-7
1.888E+2,1.007E+0,4.766E-7
1.890E+2,1.003E+0,4.767E-7
1.892E+2,1.007E+0,4.759E-7
1.894E+2,1.006E+0,4.761E-7
1.896E+2,1.005E+0,4.745E-7
1.898E+2,1.005E+0,4.771E-7
1.900E+2,1.005E+0,4.789E-7
1.902E+2,1.006E+0,4.809E-7
1.904E+2,1.006E+0,4.824E-7
1.906E+2,1.004E+0,4.823E-7
1.908E+2,1.005E+0,4.811E-7
1.910E+2,1.007E+0,4.811E-7
1.912E+2,1.003E+0,4.810E-7
1.914E+2,1.008E+0,4.864E-7
1.916E+2,1.004E+0,4.843E-7
1.918E+2,1.005E+0,4.829E-7
1.920E+2,1.007E+0,4.891E-7
1.922E+2,1.005E+0,4.841E-7
1.924E+2,1.006E+0,4.883E-7
1.926E+2,1.004E+0,4.865E-7
1.928E+2,1.005E+0,4.911E-7
1.930E+2,1.004E+0,4.856E-7
1.932E+2,1.006E+0,4.921E-7
1.934E+2,1.006E+0,4.910E-7
1.936E+2,1.003E+0,4.881E-7
1.938E+2,1.007E+0,4.941E-7
1.940E+2,1.004E+0,4.938E-7
1.942E+2,1.005E+0,4.950E-7
1.944E+2,1.007E+0,4.929E-7
1.946E+2,1.006E+0,4.946E-7
1.948E+2,1.005E+0,4.950E-7
1.950E+2,1.005E+0,4.966E-7
1.952E+2,1.005E+0,4.975E-7
1.954E+2,1.004E+0,4.984E-7
1.956E+2,1.003E+0,4.993E-7
1.958E+2,1.006E+0,4.974E-7
1.960E+2,1.006E+0,4.989E-7
1.962E+2,1.005E+0,4.982E-7
1.964E+2,1.005E+0,5.060E-7
1.966E+2,1.005E+0,5.009E-7
1.968E+2,1.005E+0,5.001E-7
1.970E+2,1.004E+0,5.085E-7
1.972E+2,1.006E+0,5.012E-7
1.974E+2,1.005E+0,5.077E-7
1.976E+2,1.006E+0,5.030E-7
1.978E+2,1.003E+0,5.097E-7
1.980E+2,1.007E+0,5.023E-7
1.982E+2,1.005E+0,5.111E-7
1.984E+2,1.004E+0,5.103E-7
1.986E+2,1.007E+0,5.044E-7
1.988E+2,1.005E+0,5.125E-7
1.990E+2,1.005E+0,5.119E-7
1.992E+2,1.003E+0,5.129E-7
1.994E+2,1.006E+0,5.126E-7
1.996E+2,1.006E+0,5.117E-7
1.998E+2,1.005E+0,5.128E-7
2.000E+2,1.005E+0,5.169E-7
2.002E+2,1.004E+0,5.154E-7
2.004E+2,1.004E+0,5.165E-7
2.006E+2,1.005E+0,5.154E-7
2.008E+2,1.007E+0,5.161E-7
2.010E+2,1.003E+0,5.161E-7
2.012E+2,1.005E+0,5.172E-7
2.014E+2,1.003E+0,5.235E-7
2.016E+2,1.008E+0,5.172E-7
2.018E+2,1.003E+0,5.175E-7
2.020E+2,1.004E+0,5.256E-7
2.022E+2,1.005E+0,5.183E-7
2.024E+2,1.005E+0,5.265E-7
2.026E+2,1.005E+0,5.191E-7
2.028E+2,1.006E+0,5.272E-7
2.030E+2,1.005E+0,5.207E-7
2.032E+2,1.006E+0,5.275E-7
2.034E+2,1.002E+0,5.284E-7
2.036E+2,1.006E+0,5.243E-7
2.038E+2,1.004E+0,5.260E-7
2.040E+2,1.007E+0,5.295E-7
2.042E+2,1.004E+0,5.294E-7
2.044E+2,1.004E+0,5.308E-7
2.046E+2,1.005E+0,5.303E-7
2.048E+2,1.005E+0,5.304E-7
2.050E+2,1.004E+0,5.315E-7
2.052E+2,1.004E+0,5.325E-7
2.054E+2,1.004E+0,5.324E-7
2.056E+2,1.005E+0,5.318E-7
2.058E+2,1.004E+0,5.332E-7
2.060E+2,1.003E+0,5.326E-7
2.062E+2,1.007E+0,5.383E-7
2.064E+2,1.003E+0,5.365E-7
2.066E+2,1.004E+0,5.343E-7
2.068E+2,1.006E+0,5.383E-7
2.070E+2,1.004E+0,5.380E-7
2.072E+2,1.004E+0,5.351E-7
2.074E+2,1.004E+0,5.436E-7
2.076E+2,1.004E+0,5.356E-7
2.078E+2,1.005E+0,5.431E-7
2.080E+2,1.005E+0,5.423E-7
2.082E+2,1.002E+0,5.399E-7
2.084E+2,1.005E+0,5.456E-7
2.086E+2,1.006E+0,5.418E-7
2.088E+2,1.003E+0,5.410E-7
2.090E+2,1.004E+0,5.465E-7
2.092E+2,1.005E+0,5.464E-7
2.094E+2,1.003E+0,5.467E-7
2.096E+2,1.003E+0,5.479E-7
2.098E+2,1.004E+0,5.478E-7
2.100E+2,1.004E+0,5.485E-7
2.102E+2,1.004E+0,5.489E-7
2.104E+2,1.005E+0,5.487E-7
2.106E+2,1.006E+0,5.501E-7
2.108E+2,1.003E+0,5.506E-7
2.110E+2,1.004E+0,5.501E-7
2.112E+2,1.004E+0,5.571E-7
2.114E+2,1.004E+0,5.531E-7
2.116E+2,1.003E+0,5.522E-7
2.118E+2,1.005E+0,5.565E-7
2.120E+2,1.005E+0,5.547E-7
2.122E+2,1.003E+0,5.524E-7
2.124E+2,1.004E+0,5.589E-7
2.126E+2,1.004E+0,5.532E-7
2.128E+2,1.005E+0,5.594E-7
2.130E+2,1.003E+0,5.577E-7
2.132E+2,1.003E+0,5.551E-7
2.134E+2,1.006E+0,5.602E-7
2.136E+2,1.003E+0,5.600E-7
2.138E+2,1.005E+0,5.547E-7
2.140E+2,1.002E+0,5.612E-7
2.142E+2,1.006E+0,5.611E-7
2.144E+2,1.005E+0,5.608E-7
2.146E+2,1.003E+0,5.616E-7
2.148E+2,1.003E+0,5.615E-7
2.150E+2,1.004E+0,5.610E-7
2.152E+2,1.004E+0,5.600E-7
2.154E+2,1.005E+0,5.617E-7
2.156E+2,1.003E+0,5.620E-7
2.158E+2,1.003E+0,5.617E-7
2.160E+2,1.006E+0,5.636E-7
2.162E+2,1.002E+0,5.672E-7
2.164E+2,1.005E+0,5.622E-7
2.166E+2,1.002E+0,5.615E-7
2.168E+2,1.004E+0,5.695E-7
2.170E+2,1.005E+0,5.625E-7
2.172E+2,1.004E+0,5.662E-7
2.174E+2,1.003E+0,5.649E-7
2.176E+2,1.003E+0,5.663E-7
2.178E+2,1.003E+0,5.656E-7
2.180E+2,1.003E+0,5.697E-7
2.182E+2,1.004E+0,5.623E-7
2.184E+2,1.004E+0,5.712E-7
2.186E+2,1.002E+0,5.708E-7
2.188E+2,1.005E+0,5.677E-7
2.190E+2,1.002E+0,5.672E-7
2.192E+2,1.004E+0,5.727E-7
2.194E+2,1.004E+0,5.724E-7
2.196E+2,1.004E+0,5.723E-7
2.198E+2,1.003E+0,5.729E-7
2.200E+2,1.003E+0,5.735E-7
2.202E+2,1.003E+0,5.744E-7
2.204E+2,1.003E+0,5.745E-7
2.206E+2,1.002E+0,5.750E-7
2.208E+2,1.004E+0,5.746E-7
2.210E+2,1.004E+0,5.808E-7
2.212E+2,1.002E+0,5.796E-7
2.214E+2,1.004E+0,5.768E-7
2.216E+2,1.003E+0,5.767E-7
2.218E+2,1.002E+0,5.852E-7
2.220E+2,1.003E+0,5.778E-7
2.222E+2,1.004E+0,5.846E-7
2.224E+2,1.004E+0,5.810E-7
2.226E+2,1.003E+0,5.849E-7
2.228E+2,1.002E+0,5.808E-7
2.230E+2,1.003E+0,5.872E-7
2.232E+2,1.004E+0,5.810E-7
2.234E+2,1.003E+0,5.881E-7
2.236E+2,1.003E+0,5.891E-7
2.238E+2,1.003E+0,5.871E-7
2.240E+2,1.004E+0,5.848E-7
2.242E+2,1.001E+0,5.904E-7
2.244E+2,1.003E+0,5.910E-7
2.246E+2,1.004E+0,5.911E-7
2.248E+2,1.003E+0,5.921E-7
2.250E+2,1.003E+0,5.923E-7
2.252E+2,1.003E+0,5.922E-7
2.254E+2,1.002E+0,5.930E-7
2.256E+2,1.003E+0,5.932E-7
2.258E+2,1.004E+0,5.959E-7
2.260E+2,1.001E+0,5.999E-7
2.262E+2,1.003E+0,5.961E-7
2.264E+2,1.001E+0,5.955E-7
2.266E+2,1.004E+0,5.991E-7
2.268E+2,1.002E+0,5.990E-7
2.270E+2,1.001E+0,5.967E-7
2.272E+2,1.002E+0,6.030E-7
2.274E+2,1.002E+0,5.984E-7
2.276E+2,1.002E+0,6.046E-7
2.278E+2,1.003E+0,5.986E-7
2.280E+2,1.003E+0,6.063E-7
2.282E+2,1.002E+0,6.045E-7
2.284E+2,1.001E+0,6.030E-7
2.286E+2,1.004E+0,6.080E-7
2.288E+2,1.001E+0,6.088E-7
2.290E+2,1.004E+0,6.068E-7
2.292E+2,1.002E+0,6.049E-7
2.294E+2,1.001E+0,6.111E-7
2.296E+2,1.002E+0,6.111E-7
2.298E+2,1.002E+0,6.112E-7
2.300E+2,1.002E+0,6.116E-7
2.302E+2,1.002E+0,6.117E-7
2.304E+2,1.002E+0,6.126E-7
2.306E+2,1.003E+0,6.131E-7
2.308E+2,1.002E+0,6.189E-7
2.310E+2,1.001E+0,6.172E-7
2.312E+2,1.003E+0,6.147E-7
2.314E+2,1.000E+0,6.147E-7
2.316E+2,1.002E+0,6.210E-7
2.318E+2,1.002E+0,6.183E-7
2.320E+2,1.001E+0,6.160E-7
2.322E+2,1.001E+0,6.256E-7
2.324E+2,1.001E+0,6.169E-7
2.326E+2,1.003E+0,6.257E-7
2.328E+2,1.002E+0,6.179E-7
2.330E+2,1.002E+0,6.273E-7
2.332E+2,1.000E+0,6.255E-7
2.334E+2,1.001E+0,6.211E-7
2.336E+2,1.002E+0,6.289E-7
2.338E+2,1.000E+0,6.288E-7
2.340E+2,1.001E+0,6.263E-7
2.342E+2,1.002E+0,6.254E-7
2.344E+2,9.994E-1,6.271E-7
2.346E+2,1.000E+0,6.280E-7
2.348E+2,1.001E+0,6.287E-7
2.350E+2,1.001E+0,6.308E-7
2.352E+2,1.001E+0,6.310E-7
2.354E+2,1.001E+0,6.310E-7
2.356E+2,1.002E+0,6.360E-7
2.358E+2,9.991E-1,6.355E-7
2.360E+2,1.001E+0,6.342E-7
2.362E+2,9.996E-1,6.338E-7
2.364E+2,1.001E+0,6.333E-7
2.366E+2,9.994E-1,6.413E-7
2.368E+2,1.001E+0,6.344E-7
2.370E+2,1.001E+0,6.364E-7
2.372E+2,9.992E-1,6.399E-7
2.374E+2,1.000E+0,6.352E-7
2.376E+2,9.991E-1,6.436E-7
2.378E+2,9.997E-1,6.396E-7
2.380E+2,9.979E-1,6.380E-7
2.382E+2,9.985E-1,6.419E-7
2.384E+2,1.001E+0,6.381E-7
2.386E+2,9.970E-1,6.454E-7
2.388E+2,1.000E+0,6.454E-7
2.390E+2,9.984E-1,6.466E-7
2.392E+2,1.001E+0,6.438E-7
2.394E+2,9.992E-1,6.430E-7
2.396E+2,9.975E-1,6.463E-7
2.398E+2,9.971E-1,6.481E-7
2.400E+2,9.977E-1,6.488E-7
2.402E+2,9.981E-1,6.484E-7
2.404E+2,9.984E-1,6.515E-7
2.406E+2,9.983E-1,6.519E-7
2.408E+2,9.976E-1,6.528E-7
2.410E+2,9.988E-1,6.494E-7
2.412E+2,9.949E-1,6.504E-7
2.414E+2,9.991E-1,6.535E-7
2.416E+2,9.965E-1,6.559E-7
2.418E+2,9.959E-1,6.509E-7
2.420E+2,9.985E-1,6.563E-7
2.422E+2,9.965E-1,6.552E-7
2.424E+2,9.962E-1,6.562E-7
2.426E+2,9.962E-1,6.563E-7
2.428E+2,9.958E-1,6.575E-7
2.430E+2,9.942E-1,6.562E-7
2.432E+2,9.963E-1,6.612E-7
2.434E+2,9.968E-1,6.583E-7
2.436E+2,9.930E-1,6.569E-7
2.438E+2,9.965E-1,6.625E-7
2.440E+2,9.942E-1,6.624E-7
2.442E+2,9.940E-1,6.606E-7
2.444E+2,9.954E-1,6.615E-7
2.446E+2,9.944E-1,6.596E-7
2.448E+2,9.942E-1,6.613E-7
2.450E+2,9.931E-1,6.634E-7
2.452E+2,9.933E-1,6.656E-7
2.454E+2,9.920E-1,6.665E-7
2.456E+2,9.919E-1,6.657E-7
2.458E+2,9.929E-1,6.653E-7
2.460E+2,9.931E-1,6.640E-7
2.462E+2,9.904E-1,6.629E-7
2.464E+2,9.920E-1,6.686E-7
2.466E+2,9.910E-1,6.666E-7
2.468E+2,9.894E-1,6.633E-7
2.470E+2,9.904E-1,6.693E-7
2.472E+2,9.895E-1,6.653E-7
2.474E+2,9.890E-1,6.683E-7
2.476E+2,9.890E-1,6.674E-7
2.478E+2,9.873E-1,6.702E-7
2.480E+2,9.877E-1,6.654E-7
2.482E+2,9.880E-1,6.720E-7
2.484E+2,9.860E-1,6.685E-7
2.486E+2,9.849E-1,6.667E-7
2.488E+2,9.859E-1,6.722E-7
2.490E+2,9.840E-1,6.723E-7
2.492E+2,9.829E-1,6.719E-7
2.494E+2,9.844E-1,6.698E-7
2.496E+2,9.823E-1,6.723E-7
2.498E+2,9.815E-1,6.708E-7
2.500E+2,9.809E-1,6.769E-7
2.502E+2,9.796E-1,6.760E-7
2.504E+2,9.796E-1,6.757E-7
2.506E+2,9.781E-1,6.786E-7
2.508E+2,9.803E-1,6.768E-7
2.510E+2,9.786E-1,6.770E-7
2.512E+2,9.785E-1,6.774E-7
2.514E+2,9.777E-1,6.848E-7
2.516E+2,9.785E-1,6.827E-7
2.518E+2,9.796E-1,6.812E-7
2.520E+2,9.820E-1,6.909E-7
2.522E+2,9.823E-1,6.848E-7
2.524E+2,9.836E-1,6.916E-7
2.526E+2,9.856E-1,6.894E-7
2.528E+2,9.870E-1,6.970E-7
2.530E+2,9.891E-1,6.903E-7
2.532E+2,9.915E-1,7.007E-7
2.534E+2,9.911E-1,6.991E-7
2.536E+2,9.955E-1,6.936E-7
2.538E+2,9.940E-1,7.017E-7
2.540E+2,9.980E-1,7.005E-7
2.542E+2,9.968E-1,7.017E-7
2.544E+2,1.003E+0,7.011E-7
2.547E+2,1.005E+0,7.005E-7
2.548E+2,1.009E+0,7.010E-7
2.550E+2,1.010E+0,7.006E-7
2.552E+2,1.011E+0,7.002E-7
2.554E+2,1.012E+0,6.998E-7
2.556E+2,1.018E+0,6.976E-7
2.558E+2,1.016E+0,6.976E-7
2.560E+2,1.016E+0,6.967E-7
2.562E+2,1.020E+0,6.992E-7
2.564E+2,1.021E+0,6.993E-7
2.566E+2,1.022E+0,6.933E-7
2.568E+2,1.023E+0,6.951E-7
2.570E+2,1.025E+0,6.960E-7
2.572E+2,1.024E+0,6.906E-7
2.574E+2,1.025E+0,6.973E-7
2.576E+2,1.026E+0,6.888E-7
2.578E+2,1.027E+0,6.958E-7
2.580E+2,1.027E+0,6.931E-7
2.582E+2,1.027E+0,6.908E-7
2.584E+2,1.028E+0,6.943E-7
2.586E+2,1.028E+0,6.922E-7
2.588E+2,1.027E+0,6.894E-7
2.590E+2,1.028E+0,6.946E-7
2.592E+2,1.030E+0,6.940E-7
2.594E+2,1.029E+0,6.936E-7
2.596E+2,1.029E+0,6.941E-7
2.598E+2,1.029E+0,6.939E-7
2.600E+2,1.029E+0,6.935E-7
2.602E+2,1.030E+0,6.940E-7
2.604E+2,1.030E+0,6.936E-7
2.606E+2,1.030E+0,6.951E-7
2.608E+2,1.028E+0,6.944E-7
2.610E+2,1.031E+0,6.939E-7
2.612E+2,1.028E+0,7.005E-7
2.614E+2,1.031E+0,6.957E-7
2.616E+2,1.028E+0,6.953E-7
2.618E+2,1.030E+0,7.000E-7
2.620E+2,1.031E+0,6.978E-7
2.622E+2,1.030E+0,6.967E-7
2.624E+2,1.030E+0,7.001E-7
2.626E+2,1.030E+0,6.986E-7
2.628E+2,1.029E+0,7.003E-7
2.630E+2,1.029E+0,7.032E-7
2.632E+2,1.030E+0,6.958E-7
2.634E+2,1.031E+0,7.047E-7
2.636E+2,1.028E+0,7.040E-7
2.638E+2,1.031E+0,7.008E-7
2.640E+2,1.028E+0,7.023E-7
2.642E+2,1.030E+0,7.050E-7
2.644E+2,1.031E+0,7.057E-7
2.646E+2,1.030E+0,7.043E-7
2.648E+2,1.030E+0,7.059E-7
2.650E+2,1.030E+0,7.058E-7
2.652E+2,1.030E+0,7.062E-7
2.654E+2,1.029E+0,7.070E-7
2.656E+2,1.029E+0,7.068E-7
2.658E+2,1.030E+0,7.066E-7
2.660E+2,1.031E+0,7.122E-7
2.662E+2,1.029E+0,7.104E-7
2.664E+2,1.031E+0,7.085E-7
2.666E+2,1.029E+0,7.078E-7
2.668E+2,1.029E+0,7.161E-7
2.670E+2,1.029E+0,7.093E-7
2.672E+2,1.030E+0,7.137E-7
2.674E+2,1.030E+0,7.123E-7
2.676E+2,1.029E+0,7.148E-7
2.678E+2,1.029E+0,7.133E-7
2.680E+2,1.030E+0,7.170E-7
2.682E+2,1.031E+0,7.103E-7
2.684E+2,1.028E+0,7.183E-7
2.686E+2,1.029E+0,7.184E-7
2.688E+2,1.029E+0,7.159E-7
2.690E+2,1.030E+0,7.140E-7
2.692E+2,1.028E+0,7.200E-7
2.694E+2,1.029E+0,7.193E-7
2.696E+2,1.030E+0,7.199E-7
2.698E+2,1.029E+0,7.205E-7
2.700E+2,1.029E+0,7.206E-7
2.702E+2,1.028E+0,7.204E-7
2.704E+2,1.028E+0,7.214E-7
2.706E+2,1.028E+0,7.223E-7
2.708E+2,1.029E+0,7.227E-7
2.710E+2,1.027E+0,7.282E-7
2.712E+2,1.029E+0,7.256E-7
2.714E+2,1.026E+0,7.248E-7
2.716E+2,1.029E+0,7.272E-7
2.718E+2,1.027E+0,7.296E-7
2.720E+2,1.026E+0,7.260E-7
2.722E+2,1.027E+0,7.323E-7
2.724E+2,1.026E+0,7.272E-7
2.726E+2,1.025E+0,7.334E-7
2.728E+2,1.026E+0,7.280E-7
2.730E+2,1.027E+0,7.348E-7
2.732E+2,1.026E+0,7.337E-7
2.734E+2,1.025E+0,7.325E-7
2.736E+2,1.028E+0,7.363E-7
2.738E+2,1.025E+0,7.379E-7
2.740E+2,1.028E+0,7.354E-7
2.742E+2,1.026E+0,7.356E-7
2.744E+2,1.025E+0,7.407E-7
2.746E+2,1.026E+0,7.411E-7
2.748E+2,1.026E+0,7.413E-7
2.750E+2,1.026E+0,7.425E-7
2.752E+2,1.025E+0,7.431E-7
2.754E+2,1.026E+0,7.437E-7
2.756E+2,1.027E+0,7.445E-7
2.758E+2,1.025E+0,7.507E-7
2.760E+2,1.024E+0,7.483E-7
2.762E+2,1.026E+0,7.470E-7
2.764E+2,1.024E+0,7.476E-7
2.766E+2,1.025E+0,7.529E-7
2.768E+2,1.026E+0,7.515E-7
2.770E+2,1.024E+0,7.501E-7
2.772E+2,1.024E+0,7.590E-7
2.774E+2,1.024E+0,7.511E-7
2.776E+2,1.025E+0,7.616E-7
2.778E+2,1.024E+0,7.514E-7
2.780E+2,1.024E+0,7.641E-7
2.782E+2,1.023E+0,7.623E-7
2.784E+2,1.024E+0,7.572E-7
2.786E+2,1.024E+0,7.637E-7
2.788E+2,1.023E+0,7.663E-7
2.790E+2,1.023E+0,7.645E-7
2.792E+2,1.024E+0,7.649E-7
2.794E+2,1.022E+0,7.683E-7
2.796E+2,1.022E+0,7.712E-7
2.798E+2,1.022E+0,7.719E-7
2.800E+2,1.022E+0,7.726E-7
2.802E+2,1.022E+0,7.736E-7
2.804E+2,1.023E+0,7.746E-7
2.806E+2,1.021E+0,7.786E-7
2.808E+2,1.020E+0,7.798E-7
2.810E+2,1.022E+0,7.792E-7
2.812E+2,1.020E+0,7.781E-7
2.814E+2,1.021E+0,7.788E-7
2.816E+2,1.019E+0,7.875E-7
2.818E+2,1.020E+0,7.819E-7
2.820E+2,1.020E+0,7.837E-7
2.822E+2,1.019E+0,7.867E-7
2.824E+2,1.018E+0,7.824E-7
2.826E+2,1.019E+0,7.912E-7
2.828E+2,1.018E+0,7.872E-7
2.830E+2,1.017E+0,7.890E-7
2.832E+2,1.017E+0,7.925E-7
2.834E+2,1.019E+0,7.845E-7
2.836E+2,1.015E+0,7.932E-7
2.838E+2,1.018E+0,7.921E-7
2.840E+2,1.014E+0,7.928E-7
2.842E+2,1.016E+0,7.908E-7
2.844E+2,1.016E+0,7.901E-7
2.846E+2,1.015E+0,7.929E-7
2.848E+2,1.014E+0,7.947E-7
2.850E+2,1.014E+0,7.950E-7
2.852E+2,1.014E+0,7.951E-7
2.854E+2,1.013E+0,7.985E-7
2.856E+2,1.012E+0,7.984E-7
2.858E+2,1.013E+0,7.993E-7
2.860E+2,1.013E+0,7.965E-7
2.862E+2,1.010E+0,7.977E-7
2.864E+2,1.013E+0,8.011E-7
2.866E+2,1.011E+0,8.021E-7
2.868E+2,1.010E+0,7.984E-7
2.870E+2,1.010E+0,8.029E-7
2.872E+2,1.010E+0,8.016E-7
2.874E+2,1.009E+0,8.034E-7
2.876E+2,1.009E+0,8.016E-7
2.878E+2,1.008E+0,8.040E-7
2.880E+2,1.008E+0,8.013E-7
2.882E+2,1.009E+0,8.068E-7
2.884E+2,1.007E+0,8.049E-7
2.886E+2,1.007E+0,8.019E-7
2.888E+2,1.007E+0,8.074E-7
2.890E+2,1.006E+0,8.077E-7
2.892E+2,1.004E+0,8.072E-7
2.894E+2,1.005E+0,8.056E-7
2.896E+2,1.005E+0,8.067E-7
2.898E+2,1.004E+0,8.064E-7
2.900E+2,1.004E+0,8.081E-7
2.902E+2,1.003E+0,8.097E-7
2.904E+2,1.002E+0,8.079E-7
2.906E+2,1.002E+0,8.101E-7
2.908E+2,1.003E+0,8.071E-7
2.910E+2,9.997E-1,8.075E-7
2.912E+2,1.002E+0,8.063E-7
2.914E+2,9.995E-1,8.128E-7
2.916E+2,1.001E+0,8.084E-7
2.918E+2,9.991E-1,8.060E-7
2.920E+2,9.985E-1,8.140E-7
2.922E+2,9.987E-1,8.066E-7
2.924E+2,9.988E-1,8.127E-7
2.926E+2,9.980E-1,8.079E-7
2.928E+2,9.979E-1,8.133E-7
2.930E+2,9.974E-1,8.066E-7
2.932E+2,9.968E-1,8.155E-7
2.934E+2,9.959E-1,8.132E-7
2.936E+2,9.975E-1,8.091E-7
2.938E+2,9.941E-1,8.154E-7
2.940E+2,9.970E-1,8.105E-7
2.942E+2,9.956E-1,8.101E-7
2.944E+2,9.941E-1,8.153E-7
2.946E+2,9.943E-1,8.147E-7
2.948E+2,9.946E-1,8.132E-7
2.950E+2,9.939E-1,8.150E-7
2.952E+2,9.938E-1,8.157E-7
2.954E+2,9.941E-1,8.173E-7
2.956E+2,9.942E-1,8.151E-7
2.958E+2,9.923E-1,8.162E-7
2.960E+2,9.930E-1,8.157E-7
2.962E+2,9.938E-1,8.198E-7
2.964E+2,9.926E-1,8.212E-7
2.966E+2,9.920E-1,8.188E-7
2.968E+2,9.935E-1,8.214E-7
2.970E+2,9.925E-1,8.243E-7
2.972E+2,9.915E-1,8.195E-7
2.974E+2,9.920E-1,8.272E-7
2.976E+2,9.918E-1,8.182E-7
2.978E+2,9.921E-1,8.256E-7
2.980E+2,9.908E-1,8.238E-7
2.982E+2,9.900E-1,8.224E-7
2.984E+2,9.924E-1,8.270E-7
2.986E+2,9.901E-1,8.252E-7
2.988E+2,9.913E-1,8.235E-7
2.990E+2,9.892E-1,8.293E-7
2.992E+2,9.913E-1,8.294E-7
2.994E+2,9.902E-1,8.298E-7
2.996E+2,9.895E-1,8.307E-7
2.998E+2,9.897E-1,8.313E-7
3.000E+2,9.901E-1,8.304E-7
3.002E+2,9.900E-1,8.319E-7
3.004E+2,9.902E-1,8.322E-7
3.006E+2,9.889E-1,8.343E-7
3.008E+2,9.889E-1,8.355E-7
3.010E+2,9.910E-1,8.372E-7
3.012E+2,9.881E-1,8.459E-7
3.014E+2,9.904E-1,8.442E-7
3.016E+2,9.892E-1,4.972E-7
3.018E+2,9.890E-1,1.348E-9
3.020E+2,9.893E-1,1.115E-9
3.022E+2,9.897E-1,1.112E-9
3.024E+2,9.885E-1,1.114E-9
3.026E+2,9.889E-1,1.117E-9
3.028E+2,9.881E-1,1.121E-9
3.030E+2,9.887E-1,1.124E-9
3.032E+2,9.898E-1,1.125E-9
3.034E+2,9.886E-1,1.119E-9
3.036E+2,9.880E-1,1.130E-9
3.038E+2,9.897E-1,1.125E-9
3.040E+2,9.888E-1,1.133E-9
3.042E+2,9.878E-1,1.131E-9
3.044E+2,9.892E-1,1.129E-9
3.046E+2,9.892E-1,1.135E-9
3.048E+2,9.890E-1,1.137E-9
3.050E+2,9.889E-1,1.139E-9
3.052E+2,9.887E-1,1.142E-9
3.054E+2,9.881E-1,1.146E-9
3.056E+2,9.887E-1,1.147E-9
3.058E+2,9.898E-1,1.146E-9
3.060E+2,9.879E-1,1.152E-9
3.062E+2,9.893E-1,1.159E-9
3.064E+2,9.885E-1,1.159E-9
3.066E+2,9.897E-1,1.154E-9
3.068E+2,9.882E-1,1.168E-9
3.070E+2,9.882E-1,1.164E-9
3.072E+2,9.887E-1,1.165E-9
3.074E+2,9.889E-1,1.174E-9
3.076E+2,9.891E-1,1.173E-9
3.078E+2,9.893E-1,1.180E-9
3.080E+2,9.902E-1,1.184E-9
3.082E+2,9.892E-1,1.181E-9
3.084E+2,9.882E-1,1.191E-9
3.086E+2,9.906E-1,1.185E-9
3.088E+2,9.882E-1,1.196E-9
3.090E+2,9.905E-1,1.192E-9
3.092E+2,9.889E-1,1.196E-9
3.094E+2,9.887E-1,1.204E-9
3.096E+2,9.893E-1,1.207E-9
3.098E+2,9.897E-1,1.208E-9
3.100E+2,9.896E-1,1.211E-9
3.102E+2,9.894E-1,1.214E-9
3.104E+2,9.899E-1,1.215E-9
3.106E+2,9.907E-1,1.218E-9
3.108E+2,9.897E-1,1.225E-9
3.110E+2,9.895E-1,1.228E-9
3.112E+2,9.912E-1,1.230E-9
3.114E+2,9.894E-1,1.235E-9
3.116E+2,9.901E-1,1.236E-9
3.118E+2,9.911E-1,1.238E-9
3.120E+2,9.902E-1,1.243E-9
3.122E+2,9.898E-1,1.248E-9
3.124E+2,9.901E-1,1.242E-9
3.126E+2,9.906E-1,1.248E-9
3.128E+2,9.909E-1,1.249E-9
3.130E+2,9.903E-1,1.255E-9
3.132E+2,9.895E-1,1.256E-9
3.134E+2,9.914E-1,1.259E-9
3.136E+2,9.903E-1,1.264E-9
3.138E+2,9.908E-1,1.265E-9
3.140E+2,9.904E-1,1.269E-9
3.142E+2,9.917E-1,1.266E-9
3.144E+2,9.912E-1,1.270E-9
3.146E+2,9.905E-1,1.278E-9
3.148E+2,9.910E-1,1.274E-9
3.150E+2,9.913E-1,1.276E-9
3.152E+2,9.919E-1,1.277E-9
3.154E+2,9.919E-1,1.278E-9
3.156E+2,9.911E-1,1.279E-9
3.158E+2,9.910E-1,1.280E-9
3.160E+2,9.927E-1,1.279E-9
3.162E+2,9.905E-1,1.285E-9
3.164E+2,9.930E-1,1.277E-9
3.166E+2,9.910E-1,1.285E-9
3.168E+2,9.917E-1,1.285E-9
3.170E+2,9.925E-1,1.287E-9
3.172E+2,9.925E-1,1.282E-9
3.174E+2,9.922E-1,1.283E-9
3.176E+2,9.916E-1,1.286E-9
3.178E+2,9.915E-1,1.287E-9
3.180E+2,9.913E-1,1.288E-9
3.182E+2,9.925E-1,1.286E-9
3.184E+2,9.927E-1,1.288E-9
3.186E+2,9.912E-1,1.292E-9
3.188E+2,9.935E-1,1.285E-9
3.190E+2,9.916E-1,1.291E-9
3.192E+2,9.920E-1,1.293E-9
3.194E+2,9.932E-1,1.288E-9
3.196E+2,9.928E-1,1.294E-9
3.198E+2,9.927E-1,1.298E-9
3.200E+2,9.926E-1,1.295E-9
3.202E+2,9.925E-1,1.295E-9
3.204E+2,9.921E-1,1.298E-9
3.206E+2,9.918E-1,1.303E-9
3.208E+2,9.936E-1,1.302E-9
3.210E+2,9.926E-1,1.306E-9
3.212E+2,9.928E-1,1.311E-9
3.214E+2,9.932E-1,1.306E-9
3.216E+2,9.935E-1,1.311E-9
3.218E+2,9.921E-1,1.317E-9
3.220E+2,9.929E-1,1.317E-9
3.222E+2,9.930E-1,1.322E-9
3.224E+2,9.931E-1,1.323E-9
3.226E+2,9.932E-1,1.336E-9
3.228E+2,9.930E-1,1.338E-9
3.230E+2,9.940E-1,1.342E-9
3.232E+2,9.937E-1,1.341E-9
3.234E+2,9.922E-1,1.355E-9
3.236E+2,9.944E-1,1.357E-9
3.238E+2,9.924E-1,1.365E-9
3.240E+2,9.943E-1,1.369E-9
3.242E+2,9.925E-1,1.390E-9
3.244E+2,9.930E-1,1.401E-9
3.246E+2,9.937E-1,1.409E-9
3.248E+2,9.936E-1,1.428E-9
3.250E+2,9.934E-1,1.446E-9
3.252E+2,9.932E-1,1.467E-9
3.254E+2,9.936E-1,1.485E-9
3.256E+2,9.943E-1,1.512E-9
3.258E+2,9.936E-1,1.537E-9
3.260E+2,9.925E-1,1.571E-9
3.262E+2,9.949E-1,1.590E-9
3.264E+2,9.927E-1,1.635E-9
3.266E+2,9.939E-1,1.676E-9
3.268E+2,9.945E-1,1.710E-9
3.270E+2,9.933E-1,1.766E-9
3.272E+2,9.932E-1,1.821E-9
3.274E+2,9.936E-1,1.878E-9
3.276E+2,9.939E-1,1.933E-9
3.278E+2,9.942E-1,2.007E-9
3.280E+2,9.940E-1,2.085E-9
3.282E+2,9.929E-1,2.177E-9
3.284E+2,9.942E-1,2.254E-9
3.286E+2,9.943E-1,2.356E-9
3.288E+2,9.936E-1,2.465E-9
3.290E+2,9.938E-1,2.592E-9
3.292E+2,9.951E-1,2.712E-9
3.294E+2,9.935E-1,2.855E-9
3.296E+2,9.935E-1,3.028E-9
3.298E+2,9.937E-1,3.195E-9
3.300E+2,9.937E-1,3.390E-9
3.302E+2,9.941E-1,3.602E-9
3.304E+2,9.945E-1,3.822E-9
3.306E+2,9.938E-1,4.073E-9
3.308E+2,9.927E-1,4.336E-9
3.310E+2,9.950E-1,4.581E-9
3.312E+2,9.930E-1,4.856E-9
3.314E+2,9.949E-1,5.116E-9
3.316E+2,9.930E-1,5.413E-9
3.318E+2,9.942E-1,5.639E-9
3.320E+2,9.943E-1,5.841E-9
3.322E+2,9.941E-1,6.036E-9
3.324E+2,9.938E-1,6.160E-9
3.326E+2,9.940E-1,6.252E-9
3.328E+2,9.939E-1,6.301E-9
3.330E+2,9.930E-1,6.298E-9
3.332E+2,9.939E-1,6.220E-9
3.334E+2,9.948E-1,6.090E-9
3.336E+2,9.928E-1,5.975E-9
3.338E+2,9.953E-1,5.815E-9
3.340E+2,9.934E-1,5.677E-9
3.342E+2,9.942E-1,5.497E-9
3.344E+2,9.951E-1,5.341E-9
3.346E+2,9.947E-1,5.177E-9
3.348E+2,9.945E-1,4.996E-9
3.350E+2,9.948E-1,4.828E-9
3.352E+2,9.948E-1,4.649E-9
3.354E+2,9.945E-1,4.487E-9
3.356E+2,9.942E-1,4.321E-9
3.358E+2,9.956E-1,4.157E-9
3.360E+2,9.951E-1,4.066E-9
3.362E+2,9.947E-1,4.001E-9
3.364E+2,9.954E-1,3.914E-9
3.366E+2,9.957E-1,3.841E-9
3.368E+2,9.943E-1,3.754E-9
3.370E+2,9.951E-1,3.683E-9
3.372E+2,9.954E-1,3.627E-9
3.374E+2,9.956E-1,3.566E-9
3.376E+2,9.950E-1,3.505E-9
3.378E+2,9.955E-1,3.458E-9
3.380E+2,9.961E-1,3.398E-9
3.382E+2,9.959E-1,3.355E-9
3.384E+2,9.949E-1,3.311E-9
3.386E+2,9.961E-1,3.298E-9
3.388E+2,9.946E-1,3.258E-9
3.390E+2,9.964E-1,3.235E-9
3.392E+2,9.948E-1,3.206E-9
3.394E+2,9.956E-1,3.172E-9
3.396E+2,9.962E-1,3.145E-9
3.398E+2,9.960E-1,3.118E-9
3.400E+2,9.959E-1,3.091E-9
3.402E+2,9.957E-1,3.072E-9
3.404E+2,9.958E-1,3.044E-9
3.406E+2,9.966E-1,2.996E-9
3.408E+2,9.959E-1,2.954E-9
3.410E+2,9.943E-1,2.924E-9
3.412E+2,9.970E-1,2.920E-9
3.414E+2,9.948E-1,2.892E-9
3.416E+2,9.959E-1,2.849E-9
3.418E+2,9.963E-1,2.842E-9
3.420E+2,9.953E-1,2.804E-9
3.422E+2,9.952E-1,2.761E-9
3.424E+2,9.957E-1,2.749E-9
3.426E+2,9.957E-1,2.714E-9
3.428E+2,9.961E-1,2.701E-9
3.430E+2,9.963E-1,2.672E-9
3.432E+2,9.947E-1,2.637E-9
3.434E+2,9.957E-1,2.635E-9
3.436E+2,9.964E-1,2.601E-9
3.438E+2,9.950E-1,2.585E-9
3.440E+2,9.955E-1,2.556E-9
3.442E+2,9.962E-1,2.537E-9
3.444E+2,9.949E-1,2.514E-9
3.446E+2,9.950E-1,2.488E-9
3.448E+2,9.949E-1,2.458E-9
3.450E+2,9.953E-1,2.438E-9
3.452E+2,9.953E-1,2.420E-9
3.454E+2,9.956E-1,2.390E-9
3.456E+2,9.953E-1,2.366E-9
3.458E+2,9.938E-1,2.342E-9
3.460E+2,9.956E-1,2.327E-9
3.462E+2,9.941E-1,2.297E-9
3.464E+2,9.955E-1,2.279E-9
3.466E+2,9.936E-1,2.256E-9
3.468E+2,9.948E-1,2.252E-9
3.470E+2,9.952E-1,2.219E-9
3.472E+2,9.945E-1,2.203E-9
3.474E+2,9.940E-1,2.162E-9
3.476E+2,9.939E-1,2.130E-9
3.478E+2,9.935E-1,2.079E-9
3.480E+2,9.928E-1,2.057E-9
3.482E+2,9.935E-1,2.022E-9
3.484E+2,9.942E-1,1.985E-9
3.486E+2,9.920E-1,1.950E-9
3.488E+2,9.945E-1,1.924E-9
3.490E+2,9.920E-1,1.886E-9
3.492E+2,9.927E-1,1.849E-9
3.494E+2,9.934E-1,1.821E-9
3.496E+2,9.927E-1,1.790E-9
3.498E+2,9.924E-1,1.768E-9
3.500E+2,9.921E-1,1.746E-9
3.498E+2,9.917E-1,1.776E-9
3.496E+2,9.913E-1,1.790E-9
3.494E+2,9.922E-1,1.820E-9
3.492E+2,9.931E-1,1.856E-9
3.490E+2,9.918E-1,1.890E-9
3.488E+2,9.928E-1,1.926E-9
3.486E+2,9.918E-1,1.946E-9
3.484E+2,9.940E-1,1.977E-9
3.482E+2,9.925E-1,2.017E-9
3.480E+2,9.926E-1,2.052E-9
3.478E+2,9.932E-1,2.087E-9
3.476E+2,9.935E-1,2.132E-9
3.474E+2,9.935E-1,2.156E-9
3.472E+2,9.936E-1,2.212E-9
3.470E+2,9.944E-1,2.238E-9
3.468E+2,9.948E-1,2.264E-9
3.466E+2,9.934E-1,2.300E-9
3.464E+2,9.949E-1,2.309E-9
3.462E+2,9.941E-1,2.341E-9
3.460E+2,9.954E-1,2.363E-9
3.458E+2,9.939E-1,2.380E-9
3.456E+2,9.948E-1,2.398E-9
3.454E+2,9.955E-1,2.414E-9
3.452E+2,9.952E-1,2.430E-9
3.450E+2,9.948E-1,2.458E-9
3.448E+2,9.946E-1,2.481E-9
3.446E+2,9.946E-1,2.512E-9
3.444E+2,9.948E-1,2.529E-9
3.442E+2,9.962E-1,2.553E-9
3.440E+2,9.945E-1,2.584E-9
3.438E+2,9.956E-1,2.601E-9
3.436E+2,9.950E-1,2.638E-9
3.434E+2,9.964E-1,2.653E-9
3.432E+2,9.946E-1,2.680E-9
3.430E+2,9.951E-1,2.699E-9
3.428E+2,9.954E-1,2.715E-9
3.426E+2,9.957E-1,2.750E-9
3.424E+2,9.951E-1,2.765E-9
3.422E+2,9.954E-1,2.799E-9
3.420E+2,9.958E-1,2.822E-9
3.418E+2,9.964E-1,2.847E-9
3.416E+2,9.944E-1,2.878E-9
3.414E+2,9.958E-1,2.894E-9
3.412E+2,9.950E-1,2.928E-9
3.410E+2,9.962E-1,2.928E-9
3.408E+2,9.942E-1,2.952E-9
3.406E+2,9.952E-1,2.976E-9
3.404E+2,9.960E-1,3.008E-9
3.402E+2,9.955E-1,3.037E-9
3.400E+2,9.956E-1,3.077E-9
3.398E+2,9.953E-1,3.116E-9
3.396E+2,9.950E-1,3.144E-9
3.394E+2,9.956E-1,3.167E-9
3.392E+2,9.964E-1,3.209E-9
3.390E+2,9.944E-1,3.236E-9
3.388E+2,9.956E-1,3.263E-9
3.386E+2,9.946E-1,3.310E-9
3.384E+2,9.966E-1,3.324E-9
3.382E+2,9.943E-1,3.365E-9
3.380E+2,9.945E-1,3.415E-9
3.378E+2,9.956E-1,3.444E-9
3.376E+2,9.948E-1,3.502E-9
3.374E+2,9.951E-1,3.548E-9
3.372E+2,9.947E-1,3.610E-9
3.370E+2,9.955E-1,3.672E-9
3.368E+2,9.953E-1,3.740E-9
3.366E+2,9.939E-1,3.829E-9
3.364E+2,9.955E-1,3.886E-9
3.362E+2,9.943E-1,3.966E-9
3.360E+2,9.955E-1,4.044E-9
3.358E+2,9.937E-1,4.135E-9
3.356E+2,9.945E-1,4.225E-9
3.354E+2,9.952E-1,4.309E-9
3.352E+2,9.949E-1,4.418E-9
3.350E+2,9.944E-1,4.518E-9
3.348E+2,9.940E-1,4.637E-9
3.346E+2,9.938E-1,5.044E-9
3.344E+2,9.941E-1,5.159E-9
3.342E+2,9.950E-1,5.328E-9
3.340E+2,9.929E-1,5.500E-9
3.338E+2,9.943E-1,5.615E-9
3.336E+2,9.934E-1,5.774E-9
3.334E+2,9.944E-1,5.864E-9
3.332E+2,9.927E-1,5.989E-9
3.330E+2,9.932E-1,6.058E-9
3.328E+2,9.937E-1,6.103E-9
3.326E+2,9.933E-1,6.110E-9
3.324E+2,9.933E-1,6.071E-9
3.322E+2,9.933E-1,5.989E-9
3.320E+2,9.939E-1,5.830E-9
3.318E+2,9.940E-1,5.627E-9
3.316E+2,9.923E-1,5.424E-9
3.314E+2,9.940E-1,5.141E-9
3.312E+2,9.927E-1,4.877E-9
3.310E+2,9.943E-1,4.599E-9
3.308E+2,9.924E-1,4.348E-9
3.306E+2,9.933E-1,4.066E-9
3.304E+2,9.938E-1,3.805E-9
3.302E+2,9.936E-1,3.573E-9
3.300E+2,9.933E-1,3.366E-9
3.298E+2,9.933E-1,3.172E-9
3.296E+2,9.927E-1,2.985E-9
3.294E+2,9.935E-1,2.822E-9
3.292E+2,9.944E-1,2.664E-9
3.290E+2,9.923E-1,2.543E-9
3.288E+2,9.938E-1,2.415E-9
3.286E+2,9.925E-1,2.315E-9
3.284E+2,9.943E-1,2.204E-9
3.282E+2,9.926E-1,2.122E-9
3.280E+2,9.924E-1,2.044E-9
3.278E+2,9.935E-1,1.966E-9
3.276E+2,9.933E-1,1.901E-9
3.274E+2,9.933E-1,1.839E-9
3.272E+2,9.930E-1,1.787E-9
3.270E+2,9.938E-1,1.728E-9
3.268E+2,9.936E-1,1.677E-9
3.266E+2,9.920E-1,1.650E-9
3.264E+2,9.938E-1,1.595E-9
3.262E+2,9.924E-1,1.566E-9
3.260E+2,9.941E-1,1.531E-9
3.258E+2,9.921E-1,1.511E-9
3.256E+2,9.930E-1,1.487E-9
3.254E+2,9.937E-1,1.458E-9
3.252E+2,9.934E-1,1.438E-9
3.250E+2,9.930E-1,1.422E-9
3.248E+2,9.927E-1,1.404E-9
3.246E+2,9.924E-1,1.393E-9
3.244E+2,9.928E-1,1.378E-9
3.242E+2,9.940E-1,1.364E-9
3.240E+2,9.919E-1,1.357E-9
3.238E+2,9.938E-1,1.347E-9
3.236E+2,9.919E-1,1.344E-9
3.234E+2,9.939E-1,1.330E-9
3.232E+2,9.922E-1,1.329E-9
3.230E+2,9.920E-1,1.326E-9
3.228E+2,9.927E-1,1.320E-9
3.226E+2,9.929E-1,1.315E-9
3.224E+2,9.925E-1,1.314E-9
3.222E+2,9.925E-1,1.307E-9
3.220E+2,9.930E-1,1.307E-9
3.218E+2,9.929E-1,1.300E-9
3.216E+2,9.911E-1,1.304E-9
3.214E+2,9.934E-1,1.296E-9
3.212E+2,9.914E-1,1.298E-9
3.210E+2,9.933E-1,1.293E-9
3.208E+2,9.913E-1,1.299E-9
3.206E+2,9.920E-1,1.290E-9
3.204E+2,9.926E-1,1.285E-9
3.202E+2,9.924E-1,1.291E-9
3.200E+2,9.919E-1,1.285E-9
3.198E+2,9.918E-1,1.283E-9
3.196E+2,9.912E-1,1.283E-9
3.194E+2,9.922E-1,1.280E-9
3.192E+2,9.929E-1,1.278E-9
3.190E+2,9.906E-1,1.286E-9
3.188E+2,9.927E-1,1.279E-9
3.186E+2,9.906E-1,1.282E-9
3.184E+2,9.927E-1,1.277E-9
3.182E+2,9.912E-1,1.283E-9
3.180E+2,9.906E-1,1.280E-9
3.178E+2,9.914E-1,1.279E-9
3.176E+2,9.913E-1,1.278E-9
3.174E+2,9.913E-1,1.275E-9
3.172E+2,9.912E-1,1.281E-9
3.170E+2,9.921E-1,1.273E-9
3.168E+2,9.916E-1,1.276E-9
3.166E+2,9.902E-1,1.279E-9
3.164E+2,9.921E-1,1.270E-9
3.162E+2,9.900E-1,1.277E-9
3.160E+2,9.923E-1,1.271E-9
3.158E+2,9.900E-1,1.277E-9
3.156E+2,9.904E-1,1.272E-9
3.154E+2,9.910E-1,1.273E-9
3.152E+2,9.911E-1,1.270E-9
3.150E+2,9.907E-1,1.270E-9
3.148E+2,9.902E-1,1.268E-9
3.146E+2,9.900E-1,1.268E-9
3.144E+2,9.909E-1,1.267E-9
3.142E+2,9.912E-1,1.266E-9
3.140E+2,9.892E-1,1.263E-9
3.138E+2,9.914E-1,1.259E-9
3.136E+2,9.892E-1,1.262E-9
3.134E+2,9.910E-1,1.255E-9
3.132E+2,9.900E-1,1.253E-9
3.130E+2,9.892E-1,1.256E-9
3.128E+2,9.897E-1,1.247E-9
3.126E+2,9.902E-1,1.251E-9
3.124E+2,9.901E-1,1.242E-9
3.122E+2,9.902E-1,1.241E-9
3.120E+2,9.904E-1,1.238E-9
3.118E+2,9.899E-1,1.237E-9
3.116E+2,9.884E-1,1.236E-9
3.114E+2,9.908E-1,1.226E-9
3.112E+2,9.883E-1,1.233E-9
3.110E+2,9.904E-1,1.223E-9
3.108E+2,9.885E-1,1.225E-9
3.106E+2,9.885E-1,1.223E-9
3.104E+2,9.895E-1,1.214E-9
3.102E+2,9.894E-1,1.213E-9
3.100E+2,9.891E-1,1.212E-9
3.098E+2,9.887E-1,1.207E-9
3.096E+2,9.884E-1,1.204E-9
3.094E+2,9.894E-1,1.198E-9
3.092E+2,9.893E-1,1.195E-9
3.090E+2,9.875E-1,1.199E-9
3.088E+2,9.901E-1,1.190E-9
3.086E+2,9.871E-1,1.194E-9
3.084E+2,9.895E-1,1.187E-9
3.082E+2,9.887E-1,1.183E-9
3.080E+2,9.875E-1,1.186E-9
3.078E+2,9.880E-1,1.180E-9
3.076E+2,9.885E-1,1.178E-9
3.074E+2,9.880E-1,1.174E-9
3.072E+2,9.888E-1,1.168E-9
3.070E+2,9.889E-1,1.165E-9
3.068E+2,9.881E-1,1.167E-9
3.066E+2,9.875E-1,1.161E-9
3.064E+2,9.894E-1,1.154E-9
3.062E+2,9.870E-1,1.157E-9
3.060E+2,9.896E-1,1.151E-9
3.058E+2,9.878E-1,1.149E-9
3.056E+2,9.874E-1,1.149E-9
3.054E+2,9.881E-1,1.144E-9
3.052E+2,9.885E-1,1.141E-9
3.050E+2,9.885E-1,1.141E-9
3.048E+2,9.876E-1,1.135E-9
3.046E+2,9.881E-1,1.134E-9
3.044E+2,9.895E-1,1.134E-9
3.042E+2,9.889E-1,1.131E-9
3.040E+2,9.873E-1,1.131E-9
3.038E+2,9.900E-1,1.125E-9
3.036E+2,9.870E-1,1.127E-9
3.034E+2,9.894E-1,1.122E-9
3.032E+2,9.895E-1,1.124E-9
3.030E+2,9.876E-1,1.121E-9
3.028E+2,9.882E-1,1.117E-9
3.026E+2,9.890E-1,1.121E-9
3.024E+2,9.888E-1,1.115E-9
3.022E+2,9.897E-1,1.116E-9
3.020E+2,9.895E-1,1.113E-9
3.018E+2,9.885E-1,1.112E-9
3.016E+2,9.890E-1,1.114E-9
3.014E+2,9.902E-1,1.108E-9
3.012E+2,9.883E-1,1.110E-9
3.010E+2,9.908E-1,1.107E-9
3.008E+2,9.899E-1,1.104E-9
3.006E+2,9.887E-1,1.104E-9
3.004E+2,9.900E-1,1.101E-9
3.002E+2,9.903E-1,1.102E-9
3.000E+2,9.903E-1,1.102E-9
2.998E+2,9.903E-1,1.099E-9
2.996E+2,9.907E-1,1.095E-9
2.994E+2,9.918E-1,1.098E-9
2.992E+2,9.912E-1,1.095E-9
2.990E+2,9.907E-1,1.095E-9
2.988E+2,9.926E-1,1.094E-9
2.986E+2,9.905E-1,1.091E-9
2.984E+2,9.922E-1,1.086E-9
2.982E+2,9.933E-1,1.090E-9
2.980E+2,9.915E-1,1.089E-9
2.978E+2,9.920E-1,1.089E-9
2.976E+2,9.925E-1,1.090E-9
2.974E+2,9.931E-1,1.084E-9
2.972E+2,9.938E-1,1.082E-9
2.970E+2,9.937E-1,1.082E-9
2.968E+2,9.928E-1,1.084E-9
2.966E+2,9.942E-1,1.084E-9
2.964E+2,9.947E-1,1.075E-9
2.962E+2,9.928E-1,1.078E-9
2.960E+2,9.951E-1,1.074E-9
2.958E+2,9.952E-1,1.072E-9
2.956E+2,9.938E-1,1.073E-9
2.954E+2,9.948E-1,1.068E-9
2.952E+2,9.958E-1,1.064E-9
2.950E+2,9.963E-1,1.059E-9
2.948E+2,9.964E-1,1.057E-9
2.946E+2,9.970E-1,1.052E-9
2.944E+2,9.979E-1,1.043E-9
2.942E+2,9.969E-1,1.044E-9
2.940E+2,9.977E-1,1.041E-9
2.938E+2,9.989E-1,1.032E-9
2.936E+2,9.983E-1,1.030E-9
2.934E+2,9.994E-1,1.023E-9
2.932E+2,1.001E+0,1.019E-9
2.930E+2,1.000E+0,1.013E-9
2.928E+2,1.001E+0,1.010E-9
2.926E+2,1.001E+0,1.007E-9
2.924E+2,1.002E+0,9.963E-10
2.922E+2,1.003E+0,9.880E-10
2.920E+2,1.003E+0,9.850E-10
2.918E+2,1.002E+0,9.827E-10
2.916E+2,1.004E+0,9.713E-10
2.914E+2,1.004E+0,9.665E-10
2.912E+2,1.003E+0,9.569E-10
2.910E+2,1.005E+0,9.553E-10
2.908E+2,1.007E+0,9.419E-10
2.906E+2,1.006E+0,9.403E-10
2.904E+2,1.006E+0,9.314E-10
2.902E+2,1.007E+0,9.224E-10
2.900E+2,1.008E+0,9.194E-10
2.898E+2,1.008E+0,9.132E-10
2.896E+2,1.009E+0,9.059E-10
2.894E+2,1.010E+0,8.985E-10
2.892E+2,1.009E+0,8.951E-10
2.890E+2,1.011E+0,8.856E-10
2.888E+2,1.010E+0,8.809E-10
2.886E+2,1.011E+0,8.736E-10
2.884E+2,1.011E+0,8.681E-10
2.882E+2,1.013E+0,8.588E-10
2.880E+2,1.013E+0,8.559E-10
2.878E+2,1.013E+0,8.500E-10
2.876E+2,1.013E+0,8.462E-10
2.874E+2,1.014E+0,8.352E-10
2.872E+2,1.015E+0,8.338E-10
2.870E+2,1.015E+0,8.285E-10
2.868E+2,1.014E+0,8.223E-10
2.866E+2,1.016E+0,8.149E-10
2.864E+2,1.016E+0,8.094E-10
2.862E+2,1.017E+0,8.088E-10
2.860E+2,1.016E+0,8.047E-10
2.858E+2,1.019E+0,7.991E-10
2.856E+2,1.017E+0,7.967E-10
2.854E+2,1.017E+0,7.915E-10
2.852E+2,1.018E+0,7.881E-10
2.850E+2,1.019E+0,7.883E-10
2.848E+2,1.019E+0,7.818E-10
2.846E+2,1.020E+0,7.800E-10
2.844E+2,1.020E+0,7.752E-10
2.842E+2,1.019E+0,7.770E-10
2.840E+2,1.021E+0,7.730E-10
2.838E+2,1.020E+0,7.750E-10
2.836E+2,1.022E+0,7.685E-10
2.834E+2,1.020E+0,7.707E-10
2.832E+2,1.022E+0,7.685E-10
2.830E+2,1.022E+0,7.688E-10
2.828E+2,1.022E+0,7.667E-10
2.826E+2,1.022E+0,7.673E-10
2.824E+2,1.023E+0,7.658E-10
2.822E+2,1.023E+0,7.634E-10
2.820E+2,1.022E+0,7.690E-10
2.818E+2,1.023E+0,7.641E-10
2.816E+2,1.024E+0,7.667E-10
2.814E+2,1.023E+0,7.722E-10
2.812E+2,1.024E+0,7.666E-10
2.810E+2,1.023E+0,7.685E-10
2.808E+2,1.025E+0,7.718E-10
2.806E+2,1.024E+0,7.743E-10
2.804E+2,1.023E+0,7.787E-10
2.802E+2,1.024E+0,7.817E-10
2.800E+2,1.025E+0,7.816E-10
2.798E+2,1.025E+0,7.812E-10
2.796E+2,1.026E+0,7.837E-10
2.794E+2,1.025E+0,7.889E-10
2.792E+2,1.023E+0,7.923E-10
2.790E+2,1.026E+0,7.947E-10
2.788E+2,1.024E+0,8.010E-10
2.786E+2,1.026E+0,7.977E-10
2.784E+2,1.024E+0,8.092E-10
2.782E+2,1.026E+0,8.114E-10
2.780E+2,1.026E+0,8.138E-10
2.778E+2,1.025E+0,8.200E-10
2.776E+2,1.025E+0,8.229E-10
2.774E+2,1.025E+0,8.306E-10
2.772E+2,1.025E+0,8.344E-10
2.770E+2,1.025E+0,8.405E-10
2.768E+2,1.025E+0,8.429E-10
2.766E+2,1.026E+0,8.522E-10
2.764E+2,1.024E+0,8.553E-10
2.762E+2,1.026E+0,8.572E-10
2.760E+2,1.024E+0,8.659E-10
2.758E+2,1.027E+0,8.703E-10
2.756E+2,1.026E+0,8.769E-10
2.754E+2,1.025E+0,8.836E-10
2.752E+2,1.025E+0,8.895E-10
2.750E+2,1.026E+0,8.959E-10
2.748E+2,1.026E+0,9.042E-10
2.746E+2,1.026E+0,9.093E-10
2.744E+2,1.025E+0,9.170E-10
2.742E+2,1.024E+0,9.224E-10
2.740E+2,1.026E+0,9.244E-10
2.738E+2,1.024E+0,9.431E-10
2.736E+2,1.026E+0,9.468E-10
2.734E+2,1.024E+0,9.539E-10
2.732E+2,1.026E+0,9.625E-10
2.730E+2,1.026E+0,9.695E-10
2.728E+2,1.026E+0,9.780E-10
2.726E+2,1.026E+0,9.878E-10
2.724E+2,1.027E+0,9.901E-10
2.722E+2,1.028E+0,1.002E-9
2.720E+2,1.027E+0,1.010E-9
2.718E+2,1.027E+0,1.014E-9
2.716E+2,1.029E+0,1.021E-9
2.714E+2,1.026E+0,1.030E-9
2.712E+2,1.028E+0,1.038E-9
2.710E+2,1.026E+0,1.050E-9
2.708E+2,1.029E+0,1.056E-9
2.706E+2,1.028E+0,1.070E-9
2.704E+2,1.027E+0,1.082E-9
2.702E+2,1.027E+0,1.091E-9
2.700E+2,1.028E+0,1.101E-9
2.698E+2,1.028E+0,1.107E-9
2.696E+2,1.028E+0,1.116E-9
2.694E+2,1.028E+0,1.133E-9
2.692E+2,1.027E+0,1.142E-9
2.690E+2,1.029E+0,1.155E-9
2.688E+2,1.027E+0,1.166E-9
2.686E+2,1.029E+0,1.169E-9
2.684E+2,1.027E+0,1.192E-9
2.682E+2,1.029E+0,1.202E-9
2.680E+2,1.029E+0,1.210E-9
2.678E+2,1.029E+0,1.228E-9
2.676E+2,1.028E+0,1.239E-9
2.674E+2,1.029E+0,1.255E-9
2.672E+2,1.028E+0,1.262E-9
2.670E+2,1.027E+0,1.288E-9
2.668E+2,1.029E+0,1.288E-9
2.666E+2,1.030E+0,1.307E-9
2.664E+2,1.028E+0,1.327E-9
2.662E+2,1.031E+0,1.332E-9
2.660E+2,1.028E+0,1.349E-9
2.658E+2,1.030E+0,1.367E-9
2.656E+2,1.030E+0,1.386E-9
2.654E+2,1.030E+0,1.401E-9
2.652E+2,1.029E+0,1.422E-9
2.650E+2,1.030E+0,1.432E-9
2.648E+2,1.030E+0,1.446E-9
2.646E+2,1.030E+0,1.465E-9
2.644E+2,1.029E+0,1.490E-9
2.642E+2,1.029E+0,1.502E-9
2.640E+2,1.032E+0,1.517E-9
2.638E+2,1.029E+0,1.547E-9
2.636E+2,1.032E+0,1.554E-9
2.634E+2,1.029E+0,1.584E-9
2.632E+2,1.030E+0,1.605E-9
2.630E+2,1.032E+0,1.620E-9
2.628E+2,1.032E+0,1.640E-9
2.626E+2,1.031E+0,1.665E-9
2.624E+2,1.031E+0,1.682E-9
2.622E+2,1.030E+0,1.708E-9
2.620E+2,1.030E+0,1.733E-9
2.618E+2,1.031E+0,1.743E-9
2.616E+2,1.031E+0,1.766E-9
2.614E+2,1.028E+0,1.794E-9
2.612E+2,1.030E+0,1.803E-9
2.610E+2,1.027E+0,1.832E-9
2.608E+2,1.029E+0,1.851E-9
2.606E+2,1.029E+0,1.861E-9
2.604E+2,1.027E+0,1.891E-9
2.602E+2,1.026E+0,1.913E-9
2.600E+2,1.026E+0,1.932E-9
2.598E+2,1.027E+0,1.957E-9
2.596E+2,1.026E+0,1.984E-9
2.594E+2,1.024E+0,2.012E-9
2.592E+2,1.026E+0,2.029E-9
2.590E+2,1.026E+0,2.054E-9
2.588E+2,1.024E+0,2.080E-9
2.586E+2,1.026E+0,2.087E-9
2.584E+2,1.024E+0,2.116E-9
2.582E+2,1.023E+0,2.144E-9
2.580E+2,1.024E+0,2.153E-9
2.578E+2,1.024E+0,2.174E-9
2.576E+2,1.024E+0,2.188E-9
2.574E+2,1.022E+0,2.202E-9
2.572E+2,1.022E+0,2.214E-9
2.570E+2,1.021E+0,2.222E-9
2.568E+2,1.023E+0,2.227E-9
2.566E+2,1.021E+0,2.229E-9
2.564E+2,1.018E+0,2.231E-9
2.562E+2,1.024E+0,2.215E-9
2.560E+2,1.020E+0,2.206E-9
2.558E+2,1.018E+0,2.193E-9
2.556E+2,1.018E+0,2.159E-9
2.554E+2,1.018E+0,2.134E-9
2.552E+2,1.018E+0,2.100E-9
2.550E+2,1.016E+0,2.056E-9
2.548E+2,1.015E+0,2.010E-9
2.546E+2,1.013E+0,1.954E-9
2.544E+2,1.012E+0,1.901E-9
2.542E+2,1.014E+0,1.832E-9
2.540E+2,1.010E+0,1.766E-9
2.538E+2,1.011E+0,1.689E-9
2.536E+2,1.009E+0,1.605E-9
2.534E+2,1.010E+0,1.540E-9
2.532E+2,1.006E+0,1.460E-9
2.530E+2,1.006E+0,1.370E-9
2.528E+2,1.005E+0,1.302E-9
2.526E+2,1.004E+0,1.211E-9
2.524E+2,1.006E+0,1.146E-9
2.522E+2,1.004E+0,1.062E-9
2.520E+2,1.004E+0,1.001E-9
2.518E+2,1.005E+0,9.173E-10
2.516E+2,1.000E+0,8.589E-10
2.514E+2,1.002E+0,7.977E-10
2.512E+2,9.985E-1,7.356E-10
2.510E+2,9.998E-1,6.835E-10
2.508E+2,9.979E-1,6.379E-10
2.506E+2,9.977E-1,5.934E-10
2.504E+2,9.969E-1,5.482E-10
2.502E+2,9.956E-1,5.099E-10
2.500E+2,9.942E-1,4.738E-10
2.498E+2,9.937E-1,4.472E-10
2.496E+2,9.921E-1,4.211E-10
2.494E+2,9.933E-1,3.982E-10
2.492E+2,9.930E-1,3.806E-10
2.490E+2,9.909E-1,3.656E-10
2.488E+2,9.918E-1,3.509E-10
2.486E+2,9.910E-1,3.333E-10
2.484E+2,9.916E-1,3.233E-10
2.482E+2,9.902E-1,3.206E-10
2.480E+2,9.897E-1,3.091E-10
2.478E+2,9.900E-1,3.053E-10
2.476E+2,9.895E-1,3.018E-10
2.474E+2,9.890E-1,2.962E-10
2.472E+2,9.891E-1,2.973E-10
2.470E+2,9.894E-1,2.941E-10
2.468E+2,9.901E-1,2.937E-10
2.466E+2,9.880E-1,2.972E-10
2.464E+2,9.900E-1,2.951E-10
2.462E+2,9.894E-1,2.995E-10
2.460E+2,9.906E-1,3.024E-10
2.458E+2,9.889E-1,3.059E-10
2.456E+2,9.898E-1,3.078E-10
2.454E+2,9.909E-1,3.107E-10
2.452E+2,9.904E-1,3.163E-10
2.450E+2,9.905E-1,3.216E-10
2.448E+2,9.904E-1,3.266E-10
2.446E+2,9.900E-1,3.300E-10
2.444E+2,9.912E-1,3.360E-10
2.442E+2,9.928E-1,3.444E-10
2.440E+2,9.904E-1,3.499E-10
2.438E+2,9.922E-1,3.546E-10
2.436E+2,9.915E-1,3.596E-10
2.434E+2,9.933E-1,3.626E-10
2.432E+2,9.915E-1,3.720E-10
2.430E+2,9.923E-1,3.767E-10
2.428E+2,9.928E-1,3.823E-10
2.426E+2,9.937E-1,3.901E-10
2.424E+2,9.932E-1,3.945E-10
2.422E+2,9.937E-1,4.022E-10
2.420E+2,9.943E-1,4.074E-10
2.418E+2,9.955E-1,4.137E-10
2.416E+2,9.918E-1,4.225E-10
2.414E+2,9.959E-1,4.262E-10
2.412E+2,9.936E-1,4.354E-10
2.410E+2,9.949E-1,4.417E-10
2.408E+2,9.925E-1,4.475E-10
2.406E+2,9.954E-1,4.561E-10
2.404E+2,9.967E-1,4.605E-10
2.402E+2,9.969E-1,4.692E-10
2.400E+2,9.962E-1,4.742E-10
2.398E+2,9.961E-1,4.819E-10
2.396E+2,9.963E-1,4.885E-10
2.394E+2,9.976E-1,4.926E-10
2.392E+2,9.987E-1,5.032E-10
2.390E+2,9.955E-1,5.059E-10
2.388E+2,9.968E-1,5.088E-10
2.386E+2,9.948E-1,5.175E-10
2.384E+2,9.988E-1,5.260E-10
2.382E+2,9.969E-1,5.310E-10
2.380E+2,9.954E-1,5.359E-10
2.378E+2,9.982E-1,5.483E-10
2.376E+2,9.973E-1,5.495E-10
2.374E+2,9.976E-1,5.560E-10
2.372E+2,9.977E-1,5.587E-10
2.370E+2,9.994E-1,5.690E-10
2.368E+2,9.982E-1,5.755E-10
2.366E+2,9.971E-1,5.793E-10
2.364E+2,9.996E-1,5.855E-10
2.362E+2,9.968E-1,5.951E-10
2.360E+2,1.000E+0,5.935E-10
2.358E+2,9.978E-1,6.044E-10
2.356E+2,9.980E-1,6.094E-10
2.354E+2,9.992E-1,6.144E-10
2.352E+2,9.991E-1,6.220E-10
2.350E+2,9.989E-1,6.278E-10
2.348E+2,9.987E-1,6.320E-10
2.346E+2,9.986E-1,6.386E-10
2.344E+2,1.000E+0,6.455E-10
2.342E+2,1.000E+0,6.564E-10
2.340E+2,9.977E-1,6.619E-10
2.338E+2,1.001E+0,6.598E-10
2.336E+2,9.979E-1,6.685E-10
2.334E+2,1.001E+0,6.768E-10
2.332E+2,9.999E-1,6.799E-10
2.330E+2,9.988E-1,6.840E-10
2.328E+2,9.994E-1,6.968E-10
2.326E+2,1.000E+0,6.949E-10
2.324E+2,1.000E+0,7.102E-10
2.322E+2,1.001E+0,7.068E-10
2.320E+2,1.001E+0,7.209E-10
2.318E+2,9.998E-1,7.239E-10
2.316E+2,9.990E-1,7.300E-10
2.314E+2,1.002E+0,7.382E-10
2.312E+2,9.986E-1,7.440E-10
2.310E+2,1.002E+0,7.413E-10
2.308E+2,1.000E+0,7.514E-10
2.306E+2,9.996E-1,7.603E-10
2.304E+2,1.001E+0,7.664E-10
2.302E+2,1.001E+0,7.689E-10
2.300E+2,1.001E+0,7.733E-10
2.298E+2,1.000E+0,7.791E-10
2.296E+2,1.001E+0,7.853E-10
2.294E+2,1.002E+0,7.902E-10
2.292E+2,1.001E+0,8.014E-10
2.290E+2,9.994E-1,8.039E-10
2.288E+2,1.003E+0,8.108E-10
2.286E+2,9.995E-1,8.152E-10
2.284E+2,1.002E+0,8.238E-10
2.282E+2,1.002E+0,8.262E-10
2.280E+2,1.001E+0,8.272E-10
2.278E+2,1.001E+0,8.414E-10
2.276E+2,1.001E+0,8.383E-10
2.274E+2,1.002E+0,8.534E-10
2.272E+2,1.002E+0,8.531E-10
2.270E+2,1.002E+0,8.669E-10
2.268E+2,1.001E+0,8.668E-10
2.266E+2,1.001E+0,8.691E-10
2.264E+2,1.003E+0,8.793E-10
2.262E+2,1.000E+0,8.851E-10
2.260E+2,1.003E+0,8.890E-10
2.258E+2,1.002E+0,8.934E-10
2.256E+2,1.001E+0,9.011E-10
2.254E+2,1.001E+0,9.089E-10
2.252E+2,1.002E+0,9.132E-10
2.250E+2,1.002E+0,9.187E-10
2.248E+2,1.002E+0,9.235E-10
2.246E+2,1.002E+0,9.282E-10
2.244E+2,1.003E+0,9.333E-10
2.242E+2,1.001E+0,9.431E-10
2.240E+2,1.002E+0,9.457E-10
2.238E+2,1.003E+0,9.540E-10
2.236E+2,1.001E+0,9.524E-10
2.234E+2,1.002E+0,9.664E-10
2.232E+2,1.003E+0,9.660E-10
2.230E+2,1.002E+0,9.755E-10
2.228E+2,1.002E+0,9.809E-10
2.226E+2,1.002E+0,9.851E-10
2.224E+2,1.003E+0,9.944E-10
2.222E+2,1.003E+0,9.953E-10
2.220E+2,1.003E+0,1.006E-9
2.218E+2,1.001E+0,1.016E-9
2.216E+2,1.003E+0,1.012E-9
2.214E+2,1.003E+0,1.026E-9
2.212E+2,1.002E+0,1.029E-9
2.210E+2,1.002E+0,1.032E-9
2.208E+2,1.004E+0,1.038E-9
2.206E+2,1.002E+0,1.045E-9
2.204E+2,1.002E+0,1.054E-9
2.202E+2,1.003E+0,1.055E-9
2.200E+2,1.002E+0,1.064E-9
2.198E+2,1.003E+0,1.068E-9
2.196E+2,1.004E+0,1.075E-9
2.194E+2,1.004E+0,1.082E-9
2.192E+2,1.001E+0,1.088E-9
2.190E+2,1.003E+0,1.091E-9
2.188E+2,1.003E+0,1.097E-9
2.186E+2,1.004E+0,1.102E-9
2.184E+2,1.002E+0,1.116E-9
2.182E+2,1.004E+0,1.114E-9
2.180E+2,1.004E+0,1.122E-9
2.178E+2,1.003E+0,1.129E-9
2.176E+2,1.003E+0,1.136E-9
2.174E+2,1.004E+0,1.140E-9
2.172E+2,1.003E+0,1.147E-9
2.170E+2,1.002E+0,1.154E-9
2.168E+2,1.002E+0,1.166E-9
2.166E+2,1.005E+0,1.158E-9
2.164E+2,1.002E+0,1.173E-9
2.162E+2,1.005E+0,1.175E-9
2.160E+2,1.002E+0,1.190E-9
2.158E+2,1.005E+0,1.189E-9
2.156E+2,1.003E+0,1.190E-9
2.154E+2,1.003E+0,1.204E-9
2.152E+2,1.003E+0,1.208E-9
2.150E+2,1.004E+0,1.219E-9
2.148E+2,1.004E+0,1.223E-9
2.146E+2,1.004E+0,1.233E-9
2.144E+2,1.003E+0,1.241E-9
2.142E+2,1.002E+0,1.245E-9
2.140E+2,1.006E+0,1.246E-9
2.138E+2,1.002E+0,1.256E-9
2.136E+2,1.005E+0,1.259E-9
2.134E+2,1.002E+0,1.277E-9
2.132E+2,1.004E+0,1.270E-9
2.130E+2,1.005E+0,1.279E-9
2.128E+2,1.004E+0,1.288E-9
2.126E+2,1.003E+0,1.291E-9
2.124E+2,1.004E+0,1.307E-9
2.122E+2,1.003E+0,1.308E-9
2.120E+2,1.003E+0,1.320E-9
2.118E+2,1.003E+0,1.323E-9
2.116E+2,1.006E+0,1.322E-9
2.114E+2,1.002E+0,1.342E-9
2.112E+2,1.005E+0,1.346E-9
2.110E+2,1.002E+0,1.357E-9
2.108E+2,1.005E+0,1.358E-9
2.106E+2,1.005E+0,1.358E-9
2.104E+2,1.004E+0,1.367E-9
2.102E+2,1.004E+0,1.382E-9
2.100E+2,1.004E+0,1.388E-9
2.098E+2,1.004E+0,1.395E-9
2.096E+2,1.004E+0,1.403E-9
2.094E+2,1.003E+0,1.416E-9
2.092E+2,1.003E+0,1.417E-9
2.090E+2,1.006E+0,1.417E-9
2.088E+2,1.002E+0,1.429E-9
2.086E+2,1.006E+0,1.434E-9
2.084E+2,1.003E+0,1.455E-9
2.082E+2,1.003E+0,1.450E-9
2.080E+2,1.006E+0,1.459E-9
2.078E+2,1.005E+0,1.468E-9
2.076E+2,1.004E+0,1.473E-9
2.074E+2,1.004E+0,1.490E-9
2.072E+2,1.003E+0,1.492E-9
2.070E+2,1.003E+0,1.497E-9
2.068E+2,1.006E+0,1.514E-9
2.066E+2,1.004E+0,1.511E-9
2.064E+2,1.003E+0,1.520E-9
2.062E+2,1.007E+0,1.534E-9
2.060E+2,1.003E+0,1.537E-9
2.058E+2,1.004E+0,1.542E-9
2.056E+2,1.006E+0,1.553E-9
2.054E+2,1.005E+0,1.563E-9
2.052E+2,1.004E+0,1.574E-9
2.050E+2,1.005E+0,1.578E-9
2.048E+2,1.005E+0,1.592E-9
2.046E+2,1.004E+0,1.604E-9
2.044E+2,1.003E+0,1.608E-9
2.042E+2,1.005E+0,1.612E-9
2.040E+2,1.005E+0,1.625E-9
2.038E+2,1.004E+0,1.632E-9
2.036E+2,1.006E+0,1.643E-9
2.034E+2,1.004E+0,1.649E-9
2.032E+2,1.003E+0,1.662E-9
2.030E+2,1.006E+0,1.676E-9
2.028E+2,1.004E+0,1.674E-9
2.026E+2,1.006E+0,1.687E-9
2.024E+2,1.004E+0,1.692E-9
2.022E+2,1.005E+0,1.710E-9
2.020E+2,1.004E+0,1.704E-9
2.018E+2,1.008E+0,1.723E-9
2.016E+2,1.003E+0,1.743E-9
2.014E+2,1.004E+0,1.729E-9
2.012E+2,1.007E+0,1.747E-9
2.010E+2,1.005E+0,1.764E-9
2.008E+2,1.003E+0,1.785E-9
2.006E+2,1.006E+0,1.779E-9
2.004E+2,1.006E+0,1.781E-9
2.002E+2,1.006E+0,1.787E-9
2.000E+2,1.005E+0,1.797E-9
1.998E+2,1.005E+0,1.805E-9
1.996E+2,1.004E+0,1.815E-9
1.994E+2,1.004E+0,1.831E-9
1.992E+2,1.006E+0,1.835E-9
1.990E+2,1.004E+0,1.865E-9
1.988E+2,1.006E+0,1.865E-9
1.986E+2,1.005E+0,1.886E-9
1.984E+2,1.006E+0,1.859E-9
1.982E+2,1.004E+0,1.899E-9
1.980E+2,1.006E+0,1.933E-9
1.978E+2,1.004E+0,1.900E-9
1.976E+2,1.007E+0,1.943E-9
1.974E+2,1.004E+0,1.926E-9
1.972E+2,1.006E+0,1.968E-9
1.970E+2,1.006E+0,1.932E-9
1.968E+2,1.008E+0,1.994E-9
1.966E+2,1.003E+0,1.975E-9
1.964E+2,1.007E+0,1.977E-9
1.962E+2,1.005E+0,2.023E-9
1.960E+2,1.007E+0,2.009E-9
1.958E+2,1.003E+0,2.029E-9
1.956E+2,1.005E+0,2.038E-9
1.954E+2,1.007E+0,2.046E-9
1.952E+2,1.006E+0,2.062E-9
1.950E+2,1.006E+0,2.076E-9
1.948E+2,1.005E+0,2.083E-9
1.946E+2,1.005E+0,2.096E-9
1.944E+2,1.006E+0,2.107E-9
1.942E+2,1.007E+0,2.113E-9
1.940E+2,1.004E+0,2.139E-9
1.938E+2,1.008E+0,2.140E-9
1.936E+2,1.004E+0,2.164E-9
1.934E+2,1.007E+0,2.155E-9
1.932E+2,1.005E+0,2.180E-9
1.930E+2,1.005E+0,2.211E-9
1.928E+2,1.004E+0,2.184E-9
1.926E+2,1.006E+0,2.228E-9
1.924E+2,1.005E+0,2.215E-9
1.922E+2,1.007E+0,2.265E-9
1.920E+2,1.006E+0,2.238E-9
1.918E+2,1.007E+0,2.276E-9
1.916E+2,1.004E+0,2.297E-9
1.914E+2,1.008E+0,2.282E-9
1.912E+2,1.004E+0,2.308E-9
1.910E+2,1.008E+0,2.328E-9
1.908E+2,1.005E+0,2.348E-9
1.906E+2,1.005E+0,2.360E-9
1.904E+2,1.006E+0,2.361E-9
1.902E+2,1.006E+0,2.380E-9
1.900E+2,1.006E+0,2.395E-9
1.898E+2,1.006E+0,2.411E-9
1.896E+2,1.006E+0,2.430E-9
1.894E+2,1.007E+0,2.427E-9
1.892E+2,1.007E+0,2.446E-9
1.890E+2,1.005E+0,2.457E-9
1.888E+2,1.008E+0,2.492E-9
1.886E+2,1.004E+0,2.512E-9
1.884E+2,1.007E+0,2.501E-9
1.882E+2,1.008E+0,2.519E-9
1.880E+2,1.005E+0,2.559E-9
1.878E+2,1.006E+0,2.542E-9
1.876E+2,1.006E+0,2.604E-9
1.874E+2,1.007E+0,2.571E-9
1.872E+2,1.008E+0,2.632E-9
1.870E+2,1.007E+0,2.614E-9
1.868E+2,1.005E+0,2.652E-9
1.866E+2,1.007E+0,2.672E-9
1.864E+2,1.008E+0,2.661E-9
1.862E+2,1.005E+0,2.677E-9
1.860E+2,1.007E+0,2.727E-9
1.858E+2,1.008E+0,2.724E-9
1.856E+2,1.006E+0,2.755E-9
1.854E+2,1.006E+0,2.764E-9
1.852E+2,1.007E+0,2.785E-9
1.850E+2,1.007E+0,2.800E-9
1.848E+2,1.007E+0,2.822E-9
1.846E+2,1.008E+0,2.841E-9
1.844E+2,1.008E+0,2.846E-9
1.842E+2,1.006E+0,2.877E-9
1.840E+2,1.007E+0,2.874E-9
1.838E+2,1.008E+0,2.926E-9
1.836E+2,1.007E+0,2.947E-9
1.834E+2,1.006E+0,2.946E-9
1.832E+2,1.009E+0,2.965E-9
1.830E+2,1.007E+0,3.006E-9
1.828E+2,1.006E+0,2.995E-9
1.826E+2,1.007E+0,3.060E-9
1.824E+2,1.008E+0,3.037E-9
1.822E+2,1.007E+0,3.090E-9
1.820E+2,1.007E+0,3.089E-9
1.818E+2,1.006E+0,3.122E-9
1.816E+2,1.009E+0,3.144E-9
1.814E+2,1.007E+0,3.153E-9
1.812E+2,1.008E+0,3.173E-9
1.810E+2,1.006E+0,3.220E-9
1.808E+2,1.009E+0,3.229E-9
1.806E+2,1.007E+0,3.254E-9
1.804E+2,1.006E+0,3.281E-9
1.802E+2,1.007E+0,3.298E-9
1.800E+2,1.007E+0,3.323E-9
1.798E+2,1.008E+0,3.346E-9
1.796E+2,1.009E+0,3.359E-9
1.794E+2,1.007E+0,3.388E-9
1.792E+2,1.006E+0,3.417E-9
1.790E+2,1.009E+0,3.443E-9
1.788E+2,1.007E+0,3.484E-9
1.786E+2,1.009E+0,3.480E-9
1.784E+2,1.005E+0,3.512E-9
1.782E+2,1.009E+0,3.556E-9
1.780E+2,1.009E+0,3.552E-9
1.778E+2,1.008E+0,3.604E-9
1.776E+2,1.008E+0,3.616E-9
1.774E+2,1.008E+0,3.656E-9
1.772E+2,1.008E+0,3.667E-9
1.770E+2,1.006E+0,3.726E-9
1.768E+2,1.007E+0,3.707E-9
1.766E+2,1.010E+0,3.764E-9
1.764E+2,1.006E+0,3.807E-9
1.762E+2,1.010E+0,3.791E-9
1.760E+2,1.006E+0,3.847E-9
1.758E+2,1.009E+0,3.899E-9
1.756E+2,1.009E+0,3.896E-9
1.754E+2,1.008E+0,3.954E-9
1.752E+2,1.008E+0,3.980E-9
1.750E+2,1.008E+0,4.007E-9
1.748E+2,1.008E+0,4.025E-9
1.746E+2,1.008E+0,4.058E-9
1.744E+2,1.006E+0,4.102E-9
1.742E+2,1.008E+0,4.106E-9
1.740E+2,1.010E+0,4.184E-9
1.738E+2,1.005E+0,4.229E-9
1.736E+2,1.010E+0,4.201E-9
1.734E+2,1.006E+0,4.246E-9
1.732E+2,1.007E+0,4.352E-9
1.730E+2,1.009E+0,4.310E-9
1.728E+2,1.009E+0,4.376E-9
1.726E+2,1.008E+0,4.401E-9
1.724E+2,1.008E+0,4.458E-9
1.722E+2,1.007E+0,4.486E-9
1.720E+2,1.007E+0,4.549E-9
1.718E+2,1.009E+0,4.509E-9
1.716E+2,1.008E+0,4.642E-9
1.714E+2,1.006E+0,4.680E-9
1.712E+2,1.010E+0,4.661E-9
1.710E+2,1.007E+0,4.708E-9
1.708E+2,1.007E+0,4.810E-9
1.706E+2,1.009E+0,4.830E-9
1.704E+2,1.009E+0,4.864E-9
1.702E+2,1.008E+0,4.919E-9
1.700E+2,1.008E+0,4.958E-9
1.698E+2,1.008E+0,5.008E-9
1.696E+2,1.007E+0,5.054E-9
1.694E+2,1.006E+0,5.057E-9
1.692E+2,1.009E+0,5.092E-9
1.690E+2,1.008E+0,5.233E-9
1.688E+2,1.007E+0,5.285E-9
1.686E+2,1.009E+0,5.264E-9
1.684E+2,1.008E+0,5.303E-9
1.682E+2,1.006E+0,5.467E-9
1.680E+2,1.008E+0,5.411E-9
1.678E+2,1.009E+0,5.510E-9
1.676E+2,1.008E+0,5.562E-9
1.674E+2,1.007E+0,5.607E-9
1.672E+2,1.007E+0,5.642E-9
1.670E+2,1.008E+0,5.759E-9
1.668E+2,1.010E+0,5.694E-9
1.666E+2,1.006E+0,5.857E-9
1.664E+2,1.008E+0,5.898E-9
1.662E+2,1.008E+0,5.899E-9
1.660E+2,1.008E+0,5.951E-9
1.658E+2,1.005E+0,6.049E-9
1.656E+2,1.008E+0,6.157E-9
1.654E+2,1.008E+0,6.167E-9
1.652E+2,1.007E+0,6.218E-9
1.650E+2,1.007E+0,6.299E-9
1.648E+2,1.007E+0,6.356E-9
1.646E+2,1.006E+0,6.401E-9
1.644E+2,1.007E+0,6.412E-9
1.642E+2,1.009E+0,6.548E-9
1.640E+2,1.005E+0,6.654E-9
1.638E+2,1.008E+0,6.706E-9
1.636E+2,1.005E+0,6.727E-9
1.634E+2,1.009E+0,6.809E-9
1.632E+2,1.006E+0,6.990E-9
1.630E+2,1.005E+0,6.921E-9
1.628E+2,1.006E+0,7.129E-9
1.626E+2,1.006E+0,7.141E-9
1.624E+2,1.006E+0,7.254E-9
1.622E+2,1.007E+0,7.265E-9
1.620E+2,1.008E+0,7.479E-9
1.618E+2,1.006E+0,7.416E-9
1.616E+2,1.005E+0,7.610E-9
1.614E+2,1.007E+0,7.667E-9
1.612E+2,1.003E+0,7.714E-9
1.610E+2,1.009E+0,7.802E-9
1.608E+2,1.006E+0,7.931E-9
1.606E+2,1.006E+0,8.054E-9
1.604E+2,1.006E+0,8.142E-9
1.602E+2,1.006E+0,8.197E-9
1.600E+2,1.006E+0,8.285E-9
1.598E+2,1.006E+0,8.389E-9
1.596E+2,1.006E+0,8.471E-9
1.594E+2,1.008E+0,8.590E-9
1.592E+2,1.008E+0,8.746E-9
1.590E+2,1.004E+0,8.866E-9
1.588E+2,1.009E+0,8.917E-9
1.586E+2,1.004E+0,9.027E-9
1.584E+2,1.009E+0,9.175E-9
1.582E+2,1.006E+0,9.314E-9
1.580E+2,1.005E+0,9.320E-9
1.578E+2,1.006E+0,9.596E-9
1.576E+2,1.006E+0,9.610E-9
1.574E+2,1.006E+0,9.821E-9
1.572E+2,1.006E+0,9.830E-9
1.570E+2,1.008E+0,1.011E-8
1.568E+2,1.007E+0,1.015E-8
1.566E+2,1.004E+0,1.032E-8
1.564E+2,1.009E+0,1.049E-8
1.562E+2,1.004E+0,1.063E-8
1.560E+2,1.009E+0,1.072E-8
1.558E+2,1.005E+0,1.087E-8
1.556E+2,1.006E+0,1.109E-8
1.554E+2,1.007E+0,1.124E-8
1.552E+2,1.007E+0,1.138E-8
1.550E+2,1.006E+0,1.155E-8
1.548E+2,1.006E+0,1.174E-8
1.546E+2,1.005E+0,1.185E-8
1.544E+2,1.007E+0,1.205E-8
1.542E+2,1.008E+0,1.231E-8
1.540E+2,1.004E+0,1.247E-8
1.538E+2,1.008E+0,1.260E-8
1.536E+2,1.004E+0,1.277E-8
1.534E+2,1.008E+0,1.303E-8
1.532E+2,1.005E+0,1.326E-8
1.530E+2,1.004E+0,1.329E-8
1.528E+2,1.006E+0,1.375E-8
1.526E+2,1.006E+0,1.376E-8
1.524E+2,1.006E+0,1.418E-8
1.522E+2,1.006E+0,1.417E-8
1.520E+2,1.007E+0,1.470E-8
1.518E+2,1.006E+0,1.473E-8
1.516E+2,1.003E+0,1.498E-8
1.514E+2,1.008E+0,1.540E-8
1.512E+2,1.004E+0,1.558E-8
1.510E+2,1.008E+0,1.571E-8
1.508E+2,1.003E+0,1.596E-8
1.506E+2,1.006E+0,1.643E-8
1.504E+2,1.007E+0,1.671E-8
1.502E+2,1.007E+0,1.699E-8
1.500E+2,1.006E+0,1.729E-8
1.498E+2,1.005E+0,1.763E-8
1.496E+2,1.005E+0,1.791E-8
1.494E+2,1.006E+0,1.816E-8
1.492E+2,1.008E+0,1.863E-8
1.490E+2,1.003E+0,1.899E-8
1.488E+2,1.007E+0,1.928E-8
1.486E+2,1.004E+0,1.948E-8
1.484E+2,1.008E+0,2.004E-8
1.482E+2,1.004E+0,2.053E-8
1.480E+2,1.005E+0,2.044E-8
1.478E+2,1.006E+0,2.144E-8
1.476E+2,1.006E+0,2.137E-8
1.474E+2,1.005E+0,2.221E-8
1.472E+2,1.006E+0,2.210E-8
1.470E+2,1.007E+0,2.328E-8
1.468E+2,1.008E+0,2.304E-8
1.466E+2,1.004E+0,2.382E-8
1.464E+2,1.006E+0,2.457E-8
1.462E+2,1.005E+0,2.469E-8
1.460E+2,1.008E+0,2.505E-8
1.458E+2,1.004E+0,2.572E-8
1.456E+2,1.007E+0,2.665E-8
1.454E+2,1.007E+0,2.703E-8
1.452E+2,1.006E+0,2.757E-8
1.450E+2,1.006E+0,2.823E-8
1.448E+2,1.006E+0,2.891E-8
1.446E+2,1.005E+0,2.949E-8
1.444E+2,1.006E+0,2.991E-8
1.442E+2,1.009E+0,3.102E-8
1.440E+2,1.005E+0,3.194E-8
1.438E+2,1.007E+0,3.270E-8
1.436E+2,1.006E+0,3.287E-8
1.434E+2,1.009E+0,3.374E-8
1.432E+2,1.005E+0,3.531E-8
1.430E+2,1.007E+0,3.510E-8
1.428E+2,1.008E+0,3.694E-8
1.426E+2,1.008E+0,3.748E-8
1.424E+2,1.007E+0,3.848E-8
1.422E+2,1.007E+0,3.907E-8
1.420E+2,1.008E+0,4.109E-8
1.418E+2,1.010E+0,4.095E-8
1.416E+2,1.006E+0,4.298E-8
1.414E+2,1.008E+0,4.422E-8
1.412E+2,1.008E+0,4.468E-8
1.410E+2,1.009E+0,4.607E-8
1.408E+2,1.005E+0,4.761E-8
1.406E+2,1.009E+0,4.953E-8
1.404E+2,1.009E+0,5.047E-8
1.402E+2,1.008E+0,5.198E-8
1.400E+2,1.008E+0,5.357E-8
1.398E+2,1.007E+0,5.519E-8
1.396E+2,1.006E+0,5.693E-8
1.394E+2,1.007E+0,5.808E-8
1.392E+2,1.010E+0,6.054E-8
1.390E+2,1.007E+0,6.272E-8
1.388E+2,1.008E+0,6.495E-8
1.386E+2,1.008E+0,6.615E-8
1.384E+2,1.010E+0,6.809E-8
1.382E+2,1.005E+0,7.165E-8
1.380E+2,1.007E+0,7.252E-8
1.378E+2,1.009E+0,7.579E-8
1.376E+2,1.008E+0,7.836E-8
1.374E+2,1.007E+0,8.048E-8
1.372E+2,1.007E+0,8.331E-8
1.370E+2,1.008E+0,8.716E-8
1.368E+2,1.010E+0,8.874E-8
1.366E+2,1.006E+0,9.338E-8
1.364E+2,1.008E+0,9.629E-8
1.362E+2,1.009E+0,9.893E-8
1.360E+2,1.009E+0,1.033E-7
1.358E+2,1.006E+0,1.083E-7
1.356E+2,1.009E+0,1.354E-7
1.354E+2,1.009E+0,2.808E-7
1.352E+2,1.009E+0,2.806E-7
1.350E+2,1.008E+0,2.802E-7
1.348E+2,1.008E+0,2.800E-7
1.346E+2,1.007E+0,2.787E-7
1.344E+2,1.007E+0,2.789E-7
1.342E+2,1.011E+0,2.780E-7
1.340E+2,1.008E+0,2.733E-7
1.338E+2,1.007E+0,2.758E-7
1.336E+2,1.009E+0,2.765E-7
1.334E+2,1.010E+0,2.762E-7
1.332E+2,1.006E+0,2.712E-7
1.330E+2,1.008E+0,2.759E-7
1.328E+2,1.009E+0,2.699E-7
1.326E+2,1.008E+0,2.746E-7
1.324E+2,1.008E+0,2.691E-7
1.322E+2,1.007E+0,2.737E-7
1.320E+2,1.008E+0,2.678E-7
1.318E+2,1.011E+0,2.726E-7
1.316E+2,1.007E+0,2.678E-7
1.314E+2,1.008E+0,2.667E-7
1.312E+2,1.009E+0,2.679E-7
1.310E+2,1.008E+0,2.694E-7
1.308E+2,1.007E+0,2.650E-7
1.306E+2,1.010E+0,2.645E-7
1.304E+2,1.010E+0,2.644E-7
1.302E+2,1.009E+0,2.634E-7
1.300E+2,1.008E+0,2.627E-7
1.298E+2,1.008E+0,2.625E-7
1.296E+2,1.007E+0,2.618E-7
1.294E+2,1.007E+0,2.617E-7
1.292E+2,1.011E+0,2.612E-7
1.290E+2,1.009E+0,2.570E-7
1.288E+2,1.007E+0,2.576E-7
1.286E+2,1.009E+0,2.595E-7
1.284E+2,1.009E+0,2.590E-7
1.282E+2,1.006E+0,2.526E-7
1.280E+2,1.009E+0,2.583E-7
1.278E+2,1.010E+0,2.531E-7
1.276E+2,1.009E+0,2.564E-7
1.274E+2,1.009E+0,2.520E-7
1.272E+2,1.007E+0,2.551E-7
1.270E+2,1.009E+0,2.500E-7
1.268E+2,1.011E+0,2.552E-7
1.266E+2,1.008E+0,2.493E-7
1.264E+2,1.008E+0,2.485E-7
1.262E+2,1.010E+0,2.511E-7
1.260E+2,1.008E+0,2.506E-7
1.258E+2,1.007E+0,2.470E-7
1.256E+2,1.011E+0,2.468E-7
1.254E+2,1.010E+0,2.463E-7
1.252E+2,1.009E+0,2.458E-7
1.250E+2,1.009E+0,2.456E-7
1.248E+2,1.009E+0,2.447E-7
1.246E+2,1.008E+0,2.444E-7
1.244E+2,1.007E+0,2.435E-7
1.242E+2,1.011E+0,2.437E-7
1.240E+2,1.010E+0,2.402E-7
1.238E+2,1.007E+0,2.390E-7
1.236E+2,1.010E+0,2.421E-7
1.234E+2,1.009E+0,2.412E-7
1.232E+2,1.007E+0,2.350E-7
1.230E+2,1.009E+0,2.406E-7
1.228E+2,1.010E+0,2.361E-7
1.226E+2,1.009E+0,2.378E-7
1.224E+2,1.009E+0,2.345E-7
1.222E+2,1.007E+0,2.363E-7
1.220E+2,1.009E+0,2.327E-7
1.218E+2,1.011E+0,2.377E-7
1.216E+2,1.009E+0,2.313E-7
1.214E+2,1.008E+0,2.303E-7
1.212E+2,1.011E+0,2.338E-7
1.210E+2,1.008E+0,2.322E-7
1.208E+2,1.008E+0,2.286E-7
1.206E+2,1.011E+0,2.289E-7
1.204E+2,1.010E+0,2.279E-7
1.202E+2,1.009E+0,2.277E-7
1.200E+2,1.009E+0,2.270E-7
1.198E+2,1.010E+0,2.266E-7
1.196E+2,1.009E+0,2.262E-7
1.194E+2,1.007E+0,2.252E-7
1.192E+2,1.011E+0,2.256E-7
1.190E+2,1.011E+0,2.226E-7
1.188E+2,1.007E+0,2.204E-7
1.186E+2,1.011E+0,2.237E-7
1.184E+2,1.009E+0,2.229E-7
1.182E+2,1.007E+0,2.164E-7
1.180E+2,1.010E+0,2.220E-7
1.178E+2,1.011E+0,2.185E-7
1.176E+2,1.010E+0,2.189E-7
1.174E+2,1.009E+0,2.172E-7
1.172E+2,1.008E+0,2.175E-7
1.170E+2,1.009E+0,2.140E-7
1.168E+2,1.011E+0,2.197E-7
1.166E+2,1.011E+0,2.131E-7
1.164E+2,1.008E+0,2.123E-7
1.162E+2,1.012E+0,2.155E-7
1.160E+2,1.008E+0,2.145E-7
1.158E+2,1.009E+0,2.111E-7
1.156E+2,1.013E+0,2.113E-7
1.154E+2,1.011E+0,2.104E-7
1.152E+2,1.010E+0,2.102E-7
1.150E+2,1.010E+0,2.096E-7
1.148E+2,1.011E+0,2.090E-7
1.146E+2,1.009E+0,2.088E-7
1.144E+2,1.008E+0,2.079E-7
1.142E+2,1.011E+0,2.083E-7
1.140E+2,1.012E+0,2.049E-7
1.138E+2,1.007E+0,2.034E-7
1.136E+2,1.013E+0,2.074E-7
1.134E+2,1.009E+0,2.062E-7
1.132E+2,1.008E+0,1.998E-7
1.130E+2,1.011E+0,2.055E-7
1.128E+2,1.011E+0,2.030E-7
1.126E+2,1.011E+0,2.018E-7
1.124E+2,1.009E+0,2.021E-7
1.122E+2,1.009E+0,2.009E-7
1.120E+2,1.009E+0,1.982E-7
1.118E+2,1.012E+0,2.039E-7
1.116E+2,1.011E+0,1.974E-7
1.114E+2,1.007E+0,1.969E-7
1.112E+2,1.013E+0,2.006E-7
1.110E+2,1.008E+0,1.992E-7
1.108E+2,1.010E+0,1.959E-7
1.106E+2,1.013E+0,1.965E-7
1.104E+2,1.011E+0,1.957E-7
1.102E+2,1.010E+0,1.956E-7
1.100E+2,1.010E+0,1.951E-7
1.098E+2,1.010E+0,1.948E-7
1.096E+2,1.009E+0,1.945E-7
1.094E+2,1.007E+0,1.937E-7
1.092E+2,1.010E+0,1.941E-7
1.090E+2,1.013E+0,1.911E-7
1.088E+2,1.007E+0,1.893E-7
1.086E+2,1.013E+0,1.931E-7
1.084E+2,1.008E+0,1.926E-7
1.082E+2,1.008E+0,1.860E-7
1.080E+2,1.011E+0,1.921E-7
1.078E+2,1.012E+0,1.894E-7
1.076E+2,1.011E+0,1.878E-7
1.074E+2,1.010E+0,1.884E-7
1.072E+2,1.009E+0,1.868E-7
1.070E+2,1.009E+0,1.843E-7
1.068E+2,1.011E+0,1.902E-7
1.066E+2,1.012E+0,1.837E-7
1.064E+2,1.007E+0,1.828E-7
1.062E+2,1.013E+0,1.870E-7
1.060E+2,1.007E+0,1.848E-7
1.058E+2,1.011E+0,1.821E-7
1.056E+2,1.014E+0,1.823E-7
1.054E+2,1.011E+0,1.818E-7
1.052E+2,1.010E+0,1.815E-7
1.050E+2,1.011E+0,1.810E-7
1.048E+2,1.011E+0,1.808E-7
1.046E+2,1.010E+0,1.804E-7
1.044E+2,1.007E+0,1.794E-7
1.042E+2,1.010E+0,1.799E-7
1.040E+2,1.015E+0,1.774E-7
1.038E+2,1.009E+0,1.751E-7
1.036E+2,1.014E+0,1.791E-7
1.034E+2,1.007E+0,1.786E-7
1.032E+2,1.012E+0,1.720E-7
1.030E+2,1.012E+0,1.779E-7
1.028E+2,1.012E+0,1.751E-7
1.026E+2,1.014E+0,1.738E-7
1.024E+2,1.009E+0,1.743E-7
1.022E+2,1.012E+0,1.729E-7
1.020E+2,1.010E+0,1.703E-7
1.018E+2,1.011E+0,1.761E-7
1.016E+2,1.017E+0,1.697E-7
1.014E+2,1.008E+0,1.689E-7
1.012E+2,1.013E+0,1.732E-7
1.010E+2,1.010E+0,1.704E-7
1.008E+2,1.015E+0,1.682E-7
1.006E+2,1.016E+0,1.684E-7
1.004E+2,1.013E+0,1.678E-7
1.002E+2,1.012E+0,1.672E-7
1.000E+2,1.013E+0,1.669E-7
9.980E+1,1.013E+0,1.666E-7
9.960E+1,1.013E+0,1.665E-7
9.940E+1,1.009E+0,1.662E-7
9.920E+1,1.011E+0,1.661E-7
9.900E+1,1.015E+0,1.637E-7
9.880E+1,1.011E+0,1.611E-7
9.861E+1,1.020E+0,1.655E-7
9.840E+1,1.009E+0,1.650E-7
9.819E+1,1.011E+0,1.582E-7
9.801E+1,1.018E+0,1.645E-7
9.780E+1,1.011E+0,1.615E-7
9.761E+1,1.018E+0,1.605E-7
9.740E+1,1.010E+0,1.610E-7
9.721E+1,1.016E+0,1.600E-7
9.699E+1,1.009E+0,1.568E-7
9.681E+1,1.018E+0,1.634E-7
9.660E+1,1.017E+0,1.564E-7
9.639E+1,1.008E+0,1.560E-7
9.621E+1,1.019E+0,1.611E-7
9.602E+1,1.013E+0,1.576E-7
9.580E+1,1.015E+0,1.554E-7
9.559E+1,1.017E+0,1.552E-7
9.538E+1,1.015E+0,1.549E-7
9.518E+1,1.014E+0,1.547E-7
9.500E+1,1.015E+0,1.544E-7
9.480E+1,1.016E+0,1.540E-7
9.460E+1,1.016E+0,1.538E-7
9.440E+1,1.013E+0,1.535E-7
9.420E+1,1.015E+0,1.535E-7
9.401E+1,1.018E+0,1.515E-7
9.380E+1,1.011E+0,1.477E-7
9.359E+1,1.021E+0,1.527E-7
9.340E+1,1.015E+0,1.526E-7
9.321E+1,1.013E+0,1.455E-7
9.299E+1,1.019E+0,1.521E-7
9.281E+1,1.018E+0,1.492E-7
9.260E+1,1.017E+0,1.473E-7
9.240E+1,1.016E+0,1.488E-7
9.219E+1,1.016E+0,1.471E-7
9.201E+1,1.014E+0,1.443E-7
9.179E+1,1.019E+0,1.510E-7
9.160E+1,1.019E+0,1.438E-7
9.141E+1,1.013E+0,1.436E-7
9.119E+1,1.022E+0,1.490E-7
9.099E+1,1.015E+0,1.447E-7
9.080E+1,1.018E+0,1.430E-7
9.061E+1,1.021E+0,1.429E-7
9.041E+1,1.018E+0,1.428E-7
9.021E+1,1.017E+0,1.426E-7
9.001E+1,1.018E+0,1.423E-7
8.980E+1,1.019E+0,1.421E-7
8.960E+1,1.019E+0,1.419E-7
8.940E+1,1.016E+0,1.418E-7
8.920E+1,1.019E+0,1.415E-7
8.900E+1,1.023E+0,1.399E-7
8.880E+1,1.015E+0,1.350E-7
8.860E+1,1.025E+0,1.406E-7
8.840E+1,1.018E+0,1.404E-7
8.820E+1,1.018E+0,1.329E-7
8.800E+1,1.023E+0,1.397E-7
8.780E+1,1.022E+0,1.370E-7
8.760E+1,1.021E+0,1.345E-7
8.740E+1,1.020E+0,1.365E-7
8.720E+1,1.020E+0,1.341E-7
8.700E+1,1.018E+0,1.314E-7
8.680E+1,1.024E+0,1.382E-7
8.660E+1,1.024E+0,1.309E-7
8.640E+1,1.017E+0,1.307E-7
8.620E+1,1.027E+0,1.363E-7
8.600E+1,1.019E+0,1.315E-7
8.580E+1,1.023E+0,1.300E-7
8.560E+1,1.026E+0,1.299E-7
8.540E+1,1.023E+0,1.296E-7
8.520E+1,1.023E+0,1.295E-7
8.500E+1,1.024E+0,1.292E-7
8.480E+1,1.025E+0,1.289E-7
8.460E+1,1.025E+0,1.287E-7
8.440E+1,1.022E+0,1.285E-7
8.420E+1,1.025E+0,1.281E-7
8.400E+1,1.029E+0,1.268E-7
8.380E+1,1.021E+0,1.214E-7
8.360E+1,1.031E+0,1.271E-7
8.340E+1,1.024E+0,1.268E-7
8.320E+1,1.025E+0,1.195E-7
8.300E+1,1.030E+0,1.260E-7
8.280E+1,1.030E+0,1.234E-7
8.260E+1,1.029E+0,1.206E-7
8.240E+1,1.028E+0,1.228E-7
8.220E+1,1.027E+0,1.200E-7
8.200E+1,1.027E+0,1.176E-7
8.180E+1,1.032E+0,1.241E-7
8.160E+1,1.033E+0,1.169E-7
8.140E+1,1.026E+0,1.167E-7
8.120E+1,1.037E+0,1.223E-7
8.100E+1,1.028E+0,1.170E-7
8.080E+1,1.033E+0,1.157E-7
8.060E+1,1.037E+0,1.153E-7
8.040E+1,1.034E+0,1.151E-7
8.020E+1,1.034E+0,1.150E-7
8.000E+1,1.035E+0,1.147E-7
7.980E+1,1.036E+0,1.145E-7
7.960E+1,1.036E+0,1.143E-7
7.939E+1,1.033E+0,1.140E-7
7.920E+1,1.037E+0,1.138E-7
7.900E+1,1.041E+0,1.126E-7
7.880E+1,1.034E+0,1.074E-7
7.859E+1,1.045E+0,1.132E-7
7.840E+1,1.038E+0,1.131E-7
7.820E+1,1.038E+0,1.061E-7
7.799E+1,1.045E+0,1.127E-7
7.779E+1,1.045E+0,1.102E-7
7.759E+1,1.044E+0,1.077E-7
7.739E+1,1.043E+0,1.098E-7
7.719E+1,1.043E+0,1.073E-7
7.699E+1,1.043E+0,1.048E-7
7.678E+1,1.051E+0,1.113E-7
7.659E+1,1.047E+0,1.041E-7
7.639E+1,1.042E+0,1.037E-7
7.618E+1,1.051E+0,1.087E-7
7.598E+1,1.045E+0,1.038E-7
7.578E+1,1.045E+0,1.018E-7
7.559E+1,1.050E+0,1.009E-7
7.539E+1,1.044E+0,9.992E-8
7.518E+1,1.042E+0,9.870E-8
7.498E+1,1.042E+0,9.752E-8
7.478E+1,1.039E+0,9.610E-8
7.458E+1,1.036E+0,9.472E-8
7.439E+1,1.033E+0,9.316E-8
7.419E+1,1.034E+0,9.117E-8
7.399E+1,1.029E+0,8.662E-8
7.380E+1,1.024E+0,8.343E-8
7.360E+1,1.027E+0,8.450E-8
7.341E+1,1.023E+0,8.211E-8
7.321E+1,1.013E+0,7.491E-8
7.301E+1,1.015E+0,7.760E-8
7.282E+1,1.013E+0,7.301E-8
7.262E+1,1.010E+0,7.076E-8
7.242E+1,1.004E+0,6.887E-8
7.222E+1,1.000E+0,6.685E-8
7.201E+1,9.998E-1,6.322E-8
7.182E+1,1.003E+0,6.557E-8
7.162E+1,9.982E-1,6.038E-8
7.142E+1,9.934E-1,5.903E-8
7.121E+1,9.983E-1,5.953E-8
7.101E+1,9.934E-1,5.815E-8
7.082E+1,9.939E-1,5.524E-8
7.062E+1,9.983E-1,5.433E-8
7.041E+1,9.961E-1,5.326E-8
7.021E+1,9.956E-1,5.235E-8
7.001E+1,9.970E-1,5.141E-8
6.982E+1,9.971E-1,5.045E-8
6.960E+1,9.969E-1,4.958E-8
6.941E+1,9.976E-1,4.852E-8
6.919E+1,1.001E+0,4.777E-8
6.899E+1,1.005E+0,4.553E-8
6.880E+1,9.974E-1,4.432E-8
6.860E+1,1.009E+0,4.528E-8
6.839E+1,1.002E+0,4.520E-8
6.819E+1,9.976E-1,4.336E-8
6.799E+1,1.002E+0,4.740E-8
6.779E+1,1.001E+0,4.815E-8
6.757E+1,9.968E-1,5.024E-8
6.739E+1,9.930E-1,5.303E-8
6.719E+1,9.892E-1,5.636E-8
6.697E+1,9.868E-1,5.917E-8
6.678E+1,9.883E-1,7.144E-8
6.658E+1,9.815E-1,7.907E-8
6.638E+1,9.724E-1,9.937E-8
6.619E+1,9.766E-1,1.087E-7
6.600E+1,9.676E-1,1.004E-7
6.581E+1,9.658E-1,9.796E-8
6.561E+1,9.692E-1,9.644E-8
6.541E+1,9.651E-1,9.560E-8
6.521E+1,9.629E-1,9.432E-8
6.501E+1,9.599E-1,9.392E-8
6.480E+1,9.609E-1,9.329E-8
6.461E+1,9.583E-1,9.205E-8
6.441E+1,9.582E-1,9.145E-8
6.421E+1,9.654E-1,9.068E-8
6.401E+1,9.682E-1,8.951E-8
6.380E+1,9.535E-1,8.298E-8
6.360E+1,9.686E-1,8.742E-8
6.341E+1,9.620E-1,8.689E-8
6.320E+1,9.628E-1,8.050E-8
6.301E+1,9.667E-1,8.401E-8
6.280E+1,9.686E-1,8.352E-8
6.261E+1,9.687E-1,7.734E-8
6.241E+1,9.688E-1,8.149E-8
6.220E+1,9.672E-1,7.543E-8
6.200E+1,9.703E-1,7.524E-8
6.180E+1,9.775E-1,7.797E-8
6.160E+1,9.763E-1,7.237E-8
6.140E+1,9.677E-1,7.177E-8
6.121E+1,9.776E-1,7.543E-8
6.100E+1,9.686E-1,6.957E-8
6.080E+1,9.750E-1,6.852E-8
6.061E+1,9.790E-1,6.762E-8
6.040E+1,9.767E-1,6.648E-8
6.020E+1,9.750E-1,6.550E-8
6.000E+1,9.759E-1,6.440E-8
5.980E+1,9.779E-1,6.329E-8
5.960E+1,9.770E-1,6.229E-8
5.941E+1,9.736E-1,6.115E-8
5.920E+1,9.783E-1,6.025E-8
5.900E+1,9.827E-1,5.894E-8
5.880E+1,9.724E-1,5.395E-8
5.860E+1,9.859E-1,5.644E-8
5.840E+1,9.769E-1,5.537E-8
5.820E+1,9.765E-1,4.792E-8
5.800E+1,9.837E-1,2.433E-8
5.780E+1,9.834E-1,2.017E-8
5.760E+1,9.818E-1,1.955E-8
5.740E+1,9.809E-1,1.903E-8
5.720E+1,9.793E-1,1.848E-8
5.700E+1,9.787E-1,1.763E-8
5.680E+1,9.852E-1,1.768E-8
5.660E+1,9.853E-1,1.638E-8
5.640E+1,9.767E-1,1.611E-8
5.620E+1,9.896E-1,1.587E-8
5.600E+1,9.783E-1,1.545E-8
5.580E+1,9.841E-1,1.461E-8
5.560E+1,9.886E-1,1.403E-8
5.540E+1,9.845E-1,1.363E-8
5.520E+1,9.834E-1,1.321E-8
5.500E+1,9.848E-1,1.284E-8
5.480E+1,9.858E-1,1.247E-8
5.460E+1,9.848E-1,1.208E-8
5.440E+1,9.806E-1,1.175E-8
5.420E+1,9.848E-1,1.136E-8
5.400E+1,9.913E-1,1.096E-8
5.380E+1,9.786E-1,1.105E-8
5.360E+1,9.929E-1,1.116E-8
5.340E+1,9.816E-1,1.097E-8
5.320E+1,9.830E-1,1.077E-8
5.300E+1,9.906E-1,1.109E-8
5.280E+1,9.884E-1,1.071E-8
5.260E+1,9.879E-1,1.107E-8
5.240E+1,9.853E-1,1.078E-8
5.220E+1,9.855E-1,1.129E-8
5.200E+1,9.821E-1,1.078E-8
5.180E+1,9.909E-1,1.139E-8
5.160E+1,9.905E-1,1.178E-8
5.140E+1,9.798E-1,1.135E-8
5.120E+1,9.951E-1,1.201E-8
5.100E+1,9.834E-1,1.206E-8
5.080E+1,9.879E-1,1.299E-8
5.060E+1,9.915E-1,1.143E-8
5.040E+1,9.863E-1,1.081E-8
5.020E+1,9.857E-1,1.131E-8
5.000E+1,9.873E-1,1.160E-8
4.980E+1,9.888E-1,1.124E-8
4.960E+1,9.868E-1,1.055E-8
4.940E+1,9.811E-1,1.094E-8
4.920E+1,9.864E-1,1.252E-8
4.900E+1,9.949E-1,1.050E-8
4.880E+1,9.814E-1,1.037E-8
4.860E+1,9.973E-1,1.114E-8
4.840E+1,9.820E-1,1.117E-8
4.820E+1,9.854E-1,9.252E-9
4.800E+1,9.938E-1,1.044E-8
4.780E+1,9.902E-1,9.943E-9
4.760E+1,9.906E-1,9.757E-9
4.740E+1,9.871E-1,9.401E-9
4.720E+1,9.872E-1,9.270E-9
4.700E+1,9.840E-1,8.803E-9
4.680E+1,9.920E-1,9.611E-9
4.660E+1,9.939E-1,8.243E-9
4.640E+1,9.806E-1,8.191E-9
4.620E+1,9.977E-1,8.671E-9
4.600E+1,9.826E-1,8.333E-9
4.580E+1,9.907E-1,7.648E-9
4.560E+1,9.950E-1,7.763E-9
4.540E+1,9.897E-1,7.625E-9
4.520E+1,9.886E-1,7.417E-9
4.500E+1,9.900E-1,7.294E-9
4.480E+1,9.915E-1,7.162E-9
4.460E+1,9.905E-1,6.989E-9
4.440E+1,9.843E-1,6.827E-9
4.420E+1,9.889E-1,6.908E-9
4.400E+1,9.976E-1,6.354E-9
4.380E+1,9.810E-1,6.112E-9
4.360E+1,9.991E-1,6.446E-9
4.340E+1,9.847E-1,6.372E-9
4.320E+1,9.868E-1,5.571E-9
4.300E+1,9.953E-1,5.950E-9
4.280E+1,9.936E-1,5.714E-9
4.260E+1,9.917E-1,5.575E-9
4.240E+1,9.900E-1,5.457E-9
4.220E+1,9.883E-1,5.329E-9
4.200E+1,9.868E-1,5.124E-9
4.180E+1,9.942E-1,5.424E-9
4.160E+1,9.966E-1,4.764E-9
4.140E+1,9.824E-1,4.716E-9
4.120E+1,1.001E+0,4.949E-9
4.100E+1,9.836E-1,4.773E-9
4.080E+1,9.938E-1,4.416E-9
4.060E+1,9.986E-1,4.425E-9
4.040E+1,9.915E-1,4.315E-9
4.020E+1,9.906E-1,4.125E-9
4.000E+1,9.924E-1,4.083E-9
3.982E+1,9.907E-1,3.938E-9
3.962E+1,9.890E-1,3.827E-9
3.942E+1,9.822E-1,3.753E-9
3.923E+1,9.841E-1,3.728E-9
3.902E+1,9.970E-1,3.443E-9
3.882E+1,9.770E-1,3.297E-9
3.862E+1,9.977E-1,3.384E-9
3.842E+1,9.772E-1,3.351E-9
3.823E+1,9.872E-1,2.993E-9
3.802E+1,9.941E-1,3.046E-9
3.782E+1,9.883E-1,2.969E-9
3.763E+1,9.869E-1,2.870E-9
3.742E+1,9.869E-1,2.815E-9
3.722E+1,9.862E-1,2.708E-9
3.703E+1,9.813E-1,2.610E-9
3.682E+1,9.833E-1,2.657E-9
3.662E+1,9.952E-1,2.382E-9
3.642E+1,9.795E-1,2.410E-9
3.622E+1,9.923E-1,2.440E-9
3.602E+1,9.789E-1,2.333E-9
3.582E+1,9.960E-1,2.224E-9
3.562E+1,9.864E-1,2.310E-9
3.542E+1,9.819E-1,2.288E-9
3.522E+1,9.854E-1,2.386E-9
3.502E+1,9.872E-1,2.542E-9
3.482E+1,9.894E-1,2.823E-9
3.462E+1,9.930E-1,3.188E-9
3.442E+1,9.913E-1,3.183E-9
3.422E+1,9.783E-1,3.758E-9
3.402E+1,9.902E-1,3.830E-9
3.382E+1,9.889E-1,3.961E-9
3.362E+1,9.857E-1,3.441E-9
3.342E+1,9.815E-1,3.207E-9
3.322E+1,9.964E-1,2.863E-9
3.302E+1,9.860E-1,3.136E-9
3.282E+1,9.804E-1,3.909E-9
3.262E+1,9.827E-1,2.884E-9
3.242E+1,9.855E-1,3.287E-9
3.222E+1,9.885E-1,2.622E-9
3.202E+1,9.877E-1,3.062E-9
3.182E+1,9.787E-1,2.871E-9
3.162E+1,9.850E-1,2.566E-9
3.142E+1,9.936E-1,2.602E-9
3.122E+1,9.765E-1,2.583E-9
3.102E+1,9.929E-1,2.491E-9
3.082E+1,9.879E-1,2.211E-9
3.062E+1,9.769E-1,2.362E-9
3.042E+1,9.848E-1,2.184E-9
3.022E+1,9.884E-1,2.186E-9
3.002E+1,9.869E-1,2.132E-9
2.982E+1,9.843E-1,2.048E-9
2.962E+1,9.855E-1,2.019E-9
2.942E+1,9.934E-1,1.933E-9
2.922E+1,9.882E-1,1.941E-9
2.902E+1,9.719E-1,1.865E-9
2.882E+1,9.982E-1,1.816E-9
2.862E+1,9.697E-1,1.620E-9
2.842E+1,9.951E-1,1.758E-9
2.822E+1,9.815E-1,1.707E-9
2.802E+1,9.714E-1,1.455E-9
2.783E+1,9.775E-1,1.620E-9
2.762E+1,9.807E-1,1.439E-9
2.742E+1,9.819E-1,1.541E-9
2.722E+1,9.824E-1,1.364E-9
2.702E+1,9.887E-1,1.529E-9
2.682E+1,9.855E-1,1.267E-9
2.662E+1,9.667E-1,1.293E-9
2.642E+1,9.890E-1,1.379E-9
2.622E+1,9.674E-1,1.247E-9
2.602E+1,9.886E-1,1.189E-9
2.582E+1,9.654E-1,1.424E-9
2.562E+1,9.778E-1,1.239E-9
2.542E+1,9.865E-1,1.627E-9
2.523E+1,9.831E-1,1.237E-9
2.502E+1,9.804E-1,1.070E-9
2.482E+1,9.782E-1,1.067E-9
2.462E+1,9.732E-1,1.293E-9
2.442E+1,9.782E-1,1.352E-9
2.422E+1,9.959E-1,1.193E-9
2.402E+1,9.759E-1,1.150E-9
2.382E+1,9.818E-1,1.169E-9
2.362E+1,9.829E-1,9.801E-10
2.342E+1,9.945E-1,1.077E-9
2.322E+1,9.678E-1,1.062E-9
2.303E+1,9.814E-1,8.961E-10
2.282E+1,9.908E-1,1.009E-9
2.262E+1,9.875E-1,9.082E-10
2.242E+1,9.826E-1,9.438E-10
2.222E+1,9.786E-1,8.634E-10
2.202E+1,9.832E-1,9.805E-10
2.182E+1,9.969E-1,8.121E-10
2.162E+1,9.858E-1,9.106E-10
2.142E+1,9.751E-1,8.938E-10
2.122E+1,9.995E-1,7.993E-10
2.102E+1,9.807E-1,7.937E-10
2.082E+1,9.838E-1,8.495E-10
2.062E+1,1.001E+0,9.461E-10
2.042E+1,9.892E-1,8.688E-10
2.022E+1,9.873E-1,1.035E-9
2.002E+1,9.914E-1,9.444E-10
2.042E+1,9.344E-1,6.990E-10
2.020E+1,3.507E-1,2.584E-11
2.022E+1,8.840E-2,6.314E-12
2.023E+1,2.239E-2,5.618E-12