1.001E+2,6.094E-3,2.040E-11
1.002E+2,6.088E-3,1.990E-11
9.988E+1,6.062E-3,1.980E-11
1.999E+1,3.658E-2,2.044E-11
2.011E+1,1.119E-1,2.824E-11
2.004E+1,3.512E-1,3.088E-10
2.000E+1,5.486E-1,8.555E-9
2.000E+1,5.793E-1,2.591E-8
2.000E+1,6.228E-1,5.790E-8
2.000E+1,6.731E-1,7.513E-8
2.000E+1,7.294E-1,8.917E-8
2.000E+1,7.861E-1,1.040E-7
2.000E+1,8.482E-1,1.207E-7
2.000E+1,9.294E-1,1.316E-7
2.003E+1,1.004E+0,1.314E-7
2.000E+1,1.013E+0,1.304E-7
2.000E+1,1.012E+0,1.303E-7
2.000E+1,1.011E+0,1.304E-7
2.000E+1,1.011E+0,1.307E-7
2.000E+1,1.011E+0,1.307E-7
2.000E+1,1.011E+0,1.308E-7
2.000E+1,1.012E+0,1.310E-7
2.000E+1,1.012E+0,1.309E-7
2.000E+1,1.011E+0,1.310E-7
2.000E+1,1.011E+0,1.310E-7
2.000E+1,1.011E+0,1.310E-7
2.000E+1,1.011E+0,1.313E-7
2.000E+1,1.011E+0,1.311E-7
2.000E+1,1.011E+0,1.310E-7
2.000E+1,1.012E+0,1.317E-7
2.019E+1,1.029E+0,1.354E-7
2.039E+1,1.038E+0,1.439E-7
2.059E+1,1.027E+0,1.423E-7
2.079E+1,1.017E+0,1.429E-7
2.099E+1,1.045E+0,1.550E-7
2.119E+1,1.017E+0,1.501E-7
2.139E+1,1.042E+0,1.644E-7
2.159E+1,1.010E+0,1.554E-7
2.179E+1,1.031E+0,1.651E-7
2.199E+1,1.029E+0,1.786E-7
2.219E+1,1.022E+0,1.696E-7
2.239E+1,1.020E+0,1.768E-7
2.259E+1,1.023E+0,1.797E-7
2.279E+1,1.021E+0,1.876E-7
2.299E+1,1.011E+0,1.802E-7
2.319E+1,1.009E+0,1.944E-7
2.339E+1,1.037E+0,2.051E-7
2.359E+1,1.010E+0,1.958E-7
2.379E+1,1.026E+0,2.129E-7
2.399E+1,1.008E+0,1.997E-7
2.419E+1,1.035E+0,2.091E-7
2.439E+1,1.018E+0,1.966E-7
2.459E+1,1.011E+0,1.988E-7
2.479E+1,1.015E+0,2.036E-7
2.498E+1,1.019E+0,2.021E-7
2.519E+1,1.022E+0,2.021E-7
2.539E+1,1.026E+0,1.900E-7
2.559E+1,1.023E+0,1.883E-7
2.579E+1,1.006E+0,1.868E-7
2.599E+1,1.024E+0,1.865E-7
2.619E+1,1.017E+0,1.755E-7
2.639E+1,1.020E+0,1.882E-7
2.659E+1,1.007E+0,1.754E-7
2.679E+1,1.026E+0,1.709E-7
2.699E+1,1.017E+0,1.933E-7
2.719E+1,1.011E+0,1.901E-7
2.739E+1,1.015E+0,2.041E-7
2.759E+1,1.018E+0,2.085E-7
2.779E+1,1.020E+0,2.211E-7
2.799E+1,1.014E+0,2.279E-7
2.819E+1,1.003E+0,2.499E-7
2.839E+1,1.022E+0,2.668E-7
2.859E+1,1.017E+0,2.712E-7
2.879E+1,1.010E+0,3.033E-7
2.899E+1,1.015E+0,3.011E-7
2.919E+1,1.024E+0,3.328E-7
2.939E+1,1.008E+0,3.477E-7
2.959E+1,1.010E+0,3.553E-7
2.979E+1,1.014E+0,3.662E-7
2.999E+1,1.015E+0,3.538E-7
3.019E+1,1.014E+0,3.414E-7
3.039E+1,1.019E+0,3.456E-7
3.059E+1,1.021E+0,3.469E-7
3.079E+1,1.007E+0,3.382E-7
3.099E+1,1.010E+0,4.201E-7
3.119E+1,1.021E+0,3.603E-7
3.139E+1,1.007E+0,3.335E-7
3.159E+1,1.012E+0,2.997E-7
3.179E+1,1.020E+0,3.274E-7
3.199E+1,1.009E+0,3.092E-7
3.219E+1,1.007E+0,3.144E-7
3.239E+1,1.010E+0,3.194E-7
3.259E+1,1.013E+0,3.175E-7
3.279E+1,1.016E+0,3.114E-7
3.299E+1,1.015E+0,3.228E-7
3.319E+1,1.002E+0,3.151E-7
3.339E+1,1.008E+0,3.402E-7
3.359E+1,1.020E+0,3.108E-7
3.379E+1,9.992E-1,3.341E-7
3.399E+1,1.017E+0,3.135E-7
3.419E+1,1.011E+0,3.234E-7
3.439E+1,1.001E+0,3.371E-7
3.459E+1,1.008E+0,3.122E-7
3.479E+1,1.010E+0,3.511E-7
3.499E+1,1.009E+0,3.202E-7
3.519E+1,1.007E+0,3.591E-7
3.539E+1,1.009E+0,3.348E-7
3.559E+1,1.015E+0,3.590E-7
3.579E+1,1.008E+0,3.406E-7
3.599E+1,9.997E-1,3.544E-7
3.619E+1,1.018E+0,3.650E-7
3.639E+1,9.972E-1,3.501E-7
3.659E+1,1.012E+0,3.653E-7
3.679E+1,1.011E+0,3.742E-7
3.699E+1,1.001E+0,3.684E-7
3.719E+1,1.004E+0,3.687E-7
3.739E+1,1.006E+0,3.827E-7
3.759E+1,1.007E+0,3.828E-7
3.779E+1,1.009E+0,3.985E-7
3.799E+1,1.012E+0,4.156E-7
3.819E+1,1.003E+0,4.077E-7
3.839E+1,9.976E-1,4.030E-7
3.859E+1,1.016E+0,4.109E-7
3.879E+1,9.942E-1,3.963E-7
3.899E+1,1.014E+0,4.080E-7
3.919E+1,1.000E+0,4.066E-7
3.939E+1,9.982E-1,3.838E-7
3.959E+1,1.005E+0,3.954E-7
3.979E+1,1.006E+0,3.935E-7
3.999E+1,1.003E+0,3.977E-7
4.017E+1,9.969E-1,4.020E-7
4.037E+1,9.965E-1,4.078E-7
4.057E+1,1.003E+0,4.254E-7
4.076E+1,1.005E+0,4.292E-7
4.096E+1,9.891E-1,4.392E-7
4.117E+1,1.006E+0,4.556E-7
4.137E+1,9.902E-1,4.373E-7
4.157E+1,1.007E+0,4.478E-7
4.176E+1,9.937E-1,4.393E-7
4.197E+1,9.932E-1,4.198E-7
4.216E+1,9.989E-1,4.307E-7
4.237E+1,9.977E-1,4.384E-7
4.256E+1,9.968E-1,4.214E-7
4.277E+1,9.954E-1,4.296E-7
4.296E+1,1.001E+0,4.233E-7
4.317E+1,1.004E+0,4.240E-7
4.337E+1,9.911E-1,4.094E-7
4.356E+1,9.978E-1,4.216E-7
4.377E+1,9.988E-1,4.078E-7
4.397E+1,9.983E-1,4.141E-7
4.417E+1,9.907E-1,3.960E-7
4.437E+1,1.002E+0,4.088E-7
4.456E+1,1.001E+0,4.200E-7
4.476E+1,9.971E-1,3.891E-7
4.496E+1,9.966E-1,4.093E-7
4.516E+1,9.969E-1,3.879E-7
4.536E+1,9.945E-1,4.072E-7
4.557E+1,9.905E-1,3.857E-7
4.577E+1,9.984E-1,4.025E-7
4.597E+1,1.001E+0,3.958E-7
4.617E+1,9.879E-1,3.863E-7
4.636E+1,1.002E+0,4.101E-7
4.657E+1,9.921E-1,3.949E-7
4.677E+1,9.920E-1,3.830E-7
4.696E+1,9.986E-1,4.061E-7
4.717E+1,9.982E-1,3.943E-7
4.736E+1,9.938E-1,3.928E-7
4.757E+1,9.955E-1,4.002E-7
4.776E+1,9.902E-1,4.035E-7
4.797E+1,9.910E-1,3.939E-7
4.817E+1,9.932E-1,4.027E-7
4.837E+1,1.001E+0,4.085E-7
4.857E+1,9.887E-1,4.025E-7
4.877E+1,1.001E+0,4.219E-7
4.897E+1,9.832E-1,4.068E-7
4.917E+1,9.992E-1,4.199E-7
4.937E+1,9.969E-1,4.197E-7
4.957E+1,9.933E-1,4.059E-7
4.977E+1,9.952E-1,4.145E-7
4.997E+1,9.968E-1,4.207E-7
5.017E+1,9.986E-1,4.216E-7
5.037E+1,1.001E+0,4.343E-7
5.057E+1,9.976E-1,4.241E-7
5.077E+1,9.872E-1,4.214E-7
5.097E+1,9.931E-1,4.267E-7
5.117E+1,9.895E-1,4.208E-7
5.137E+1,9.946E-1,4.298E-7
5.157E+1,9.900E-1,4.261E-7
5.177E+1,9.951E-1,4.384E-7
5.197E+1,9.934E-1,4.310E-7
5.217E+1,9.896E-1,4.311E-7
5.237E+1,9.898E-1,4.317E-7
5.257E+1,9.930E-1,4.412E-7
5.277E+1,9.933E-1,4.355E-7
5.298E+1,9.914E-1,4.288E-7
5.316E+1,9.860E-1,4.202E-7
5.337E+1,9.896E-1,4.257E-7
5.358E+1,9.949E-1,4.326E-7
5.376E+1,9.848E-1,4.130E-7
5.396E+1,9.941E-1,4.294E-7
5.417E+1,9.906E-1,4.222E-7
5.438E+1,9.842E-1,4.128E-7
5.458E+1,9.889E-1,4.204E-7
5.478E+1,9.903E-1,4.221E-7
5.498E+1,9.892E-1,4.165E-7
5.517E+1,9.875E-1,4.166E-7
5.537E+1,9.882E-1,4.123E-7
5.558E+1,9.923E-1,4.178E-7
5.577E+1,9.902E-1,4.190E-7
5.597E+1,9.808E-1,4.116E-7
5.616E+1,9.933E-1,4.282E-7
5.637E+1,9.806E-1,4.098E-7
5.657E+1,9.927E-1,4.247E-7
5.676E+1,9.844E-1,4.250E-7
5.697E+1,9.823E-1,4.137E-7
5.717E+1,9.840E-1,4.254E-7
5.737E+1,9.848E-1,4.275E-7
5.757E+1,9.842E-1,4.253E-7
5.777E+1,9.844E-1,4.276E-7
5.797E+1,9.865E-1,4.364E-7
5.818E+1,9.875E-1,4.302E-7
5.836E+1,9.764E-1,4.293E-7
5.857E+1,9.855E-1,4.364E-7
5.878E+1,9.803E-1,4.297E-7
5.897E+1,9.855E-1,4.393E-7
5.916E+1,9.746E-1,4.320E-7
5.936E+1,9.823E-1,4.427E-7
5.956E+1,9.833E-1,4.424E-7
5.977E+1,9.804E-1,4.424E-7
5.997E+1,9.789E-1,4.424E-7
6.017E+1,9.780E-1,4.425E-7
6.037E+1,9.760E-1,4.669E-7
6.057E+1,9.740E-1,4.610E-7
6.077E+1,9.810E-1,4.731E-7
6.097E+1,9.766E-1,4.676E-7
6.117E+1,9.698E-1,4.711E-7
6.137E+1,9.772E-1,4.891E-7
6.157E+1,9.721E-1,4.791E-7
6.177E+1,9.670E-1,4.777E-7
6.197E+1,9.732E-1,4.977E-7
6.217E+1,9.699E-1,4.819E-7
6.237E+1,9.676E-1,5.027E-7
6.258E+1,9.670E-1,4.861E-7
6.277E+1,9.649E-1,5.064E-7
6.297E+1,9.610E-1,4.904E-7
6.316E+1,9.665E-1,5.067E-7
6.336E+1,9.663E-1,5.110E-7
6.357E+1,9.607E-1,4.900E-7
6.377E+1,9.686E-1,5.083E-7
6.396E+1,9.558E-1,5.037E-7
6.414E+1,9.630E-1,5.081E-7
6.435E+1,9.621E-1,5.058E-7
6.457E+1,9.548E-1,4.910E-7
6.478E+1,9.600E-1,4.989E-7
6.498E+1,9.587E-1,5.021E-7
6.514E+1,9.570E-1,5.014E-7
6.537E+1,9.666E-1,5.135E-7
6.557E+1,9.672E-1,5.092E-7
6.577E+1,9.708E-1,5.027E-7
6.599E+1,9.869E-1,5.143E-7
6.621E+1,9.810E-1,5.094E-7
6.639E+1,9.977E-1,5.318E-7
6.659E+1,1.006E+0,5.293E-7
6.680E+1,1.013E+0,5.359E-7
6.698E+1,1.019E+0,5.544E-7
6.718E+1,1.021E+0,5.560E-7
6.737E+1,1.028E+0,5.607E-7
6.757E+1,1.030E+0,5.717E-7
6.778E+1,1.030E+0,5.677E-7
6.798E+1,1.028E+0,5.704E-7
6.817E+1,1.028E+0,6.012E-7
6.837E+1,1.022E+0,6.313E-7
6.857E+1,1.016E+0,6.356E-7
6.877E+1,1.016E+0,6.297E-7
6.897E+1,1.014E+0,5.987E-7
6.917E+1,1.019E+0,6.053E-7
6.936E+1,1.008E+0,5.914E-7
6.954E+1,1.010E+0,5.970E-7
6.977E+1,1.007E+0,5.901E-7
6.996E+1,1.007E+0,5.823E-7
7.015E+1,9.990E-1,5.751E-7
7.036E+1,9.970E-1,5.685E-7
7.056E+1,9.970E-1,5.766E-7
7.076E+1,9.896E-1,5.665E-7
7.096E+1,9.847E-1,5.605E-7
7.116E+1,9.914E-1,5.712E-7
7.136E+1,9.800E-1,5.601E-7
7.156E+1,9.882E-1,5.816E-7
7.177E+1,9.852E-1,6.039E-7
7.196E+1,9.824E-1,5.797E-7
7.217E+1,9.853E-1,5.844E-7
7.237E+1,9.884E-1,6.237E-7
7.258E+1,9.922E-1,5.914E-7
7.278E+1,9.973E-1,6.361E-7
7.299E+1,1.005E+0,6.400E-7
7.320E+1,1.010E+0,6.263E-7
7.339E+1,1.012E+0,6.652E-7
7.359E+1,1.029E+0,6.716E-7
7.380E+1,1.023E+0,6.500E-7
7.400E+1,1.040E+0,6.883E-7
7.420E+1,1.037E+0,6.910E-7
7.438E+1,1.041E+0,6.954E-7
7.459E+1,1.049E+0,6.938E-7
7.479E+1,1.049E+0,6.943E-7
7.499E+1,1.049E+0,6.956E-7
7.519E+1,1.050E+0,6.960E-7
7.538E+1,1.051E+0,6.959E-7
7.559E+1,1.054E+0,6.966E-7
7.579E+1,1.056E+0,7.053E-7
7.599E+1,1.047E+0,7.341E-7
7.619E+1,1.056E+0,7.936E-7
7.638E+1,1.048E+0,7.555E-7
7.658E+1,1.056E+0,7.740E-7
7.678E+1,1.048E+0,7.648E-7
7.698E+1,1.048E+0,7.528E-7
7.718E+1,1.049E+0,7.558E-7
7.738E+1,1.049E+0,7.650E-7
7.758E+1,1.047E+0,7.648E-7
7.778E+1,1.046E+0,7.706E-7
7.798E+1,1.048E+0,7.848E-7
7.818E+1,1.048E+0,7.574E-7
7.838E+1,1.039E+0,7.639E-7
7.858E+1,1.044E+0,7.744E-7
7.878E+1,1.041E+0,7.497E-7
7.898E+1,1.043E+0,7.542E-7
7.918E+1,1.036E+0,7.585E-7
7.938E+1,1.041E+0,7.608E-7
7.958E+1,1.041E+0,7.598E-7
7.978E+1,1.038E+0,7.582E-7
7.998E+1,1.037E+0,7.587E-7
8.018E+1,1.035E+0,7.759E-7
8.038E+1,1.033E+0,7.786E-7
8.058E+1,1.032E+0,7.774E-7
8.078E+1,1.037E+0,7.792E-7
8.098E+1,1.034E+0,7.849E-7
8.118E+1,1.030E+0,7.828E-7
8.138E+1,1.035E+0,8.158E-7
8.158E+1,1.032E+0,7.811E-7
8.178E+1,1.028E+0,7.876E-7
8.198E+1,1.032E+0,8.181E-7
8.218E+1,1.033E+0,7.879E-7
8.238E+1,1.030E+0,8.213E-7
8.258E+1,1.030E+0,7.884E-7
8.278E+1,1.027E+0,8.219E-7
8.298E+1,1.027E+0,7.909E-7
8.318E+1,1.031E+0,8.210E-7
8.338E+1,1.030E+0,8.280E-7
8.358E+1,1.023E+0,7.906E-7
8.378E+1,1.032E+0,8.249E-7
8.398E+1,1.023E+0,8.247E-7
8.418E+1,1.027E+0,8.293E-7
8.437E+1,1.029E+0,8.286E-7
8.458E+1,1.025E+0,8.198E-7
8.478E+1,1.024E+0,8.240E-7
8.498E+1,1.025E+0,8.288E-7
8.518E+1,1.026E+0,8.325E-7
8.538E+1,1.026E+0,8.423E-7
8.558E+1,1.022E+0,8.329E-7
8.578E+1,1.022E+0,8.315E-7
8.598E+1,1.028E+0,8.373E-7
8.618E+1,1.019E+0,8.355E-7
8.638E+1,1.027E+0,8.673E-7
8.658E+1,1.019E+0,8.389E-7
8.678E+1,1.024E+0,8.435E-7
8.698E+1,1.025E+0,8.741E-7
8.718E+1,1.023E+0,8.426E-7
8.738E+1,1.021E+0,8.715E-7
8.758E+1,1.022E+0,8.528E-7
8.778E+1,1.021E+0,8.804E-7
8.798E+1,1.019E+0,8.507E-7
8.818E+1,1.019E+0,8.811E-7
8.838E+1,1.024E+0,8.769E-7
8.858E+1,1.019E+0,8.673E-7
8.878E+1,1.023E+0,8.871E-7
8.898E+1,1.018E+0,8.908E-7
8.918E+1,1.024E+0,8.941E-7
8.938E+1,1.019E+0,8.827E-7
8.958E+1,1.017E+0,8.749E-7
8.978E+1,1.019E+0,8.982E-7
8.998E+1,1.020E+0,9.002E-7
9.017E+1,1.020E+0,9.019E-7
9.037E+1,1.021E+0,9.205E-7
9.057E+1,1.021E+0,9.211E-7
9.077E+1,1.016E+0,9.086E-7
9.098E+1,1.019E+0,9.076E-7
9.119E+1,1.020E+0,9.167E-7
9.137E+1,1.018E+0,9.173E-7
9.157E+1,1.017E+0,9.416E-7
9.179E+1,1.021E+0,9.198E-7
9.197E+1,1.018E+0,9.395E-7
9.218E+1,1.016E+0,9.296E-7
9.237E+1,1.018E+0,9.276E-7
9.258E+1,1.017E+0,9.541E-7
9.277E+1,1.020E+0,9.515E-7
9.299E+1,1.017E+0,9.404E-7
9.317E+1,1.015E+0,9.612E-7
9.338E+1,1.017E+0,9.331E-7
9.358E+1,1.019E+0,9.664E-7
9.378E+1,1.012E+0,9.612E-7
9.397E+1,1.020E+0,9.712E-7
9.417E+1,1.018E+0,9.578E-7
9.438E+1,1.013E+0,9.484E-7
9.458E+1,1.016E+0,9.726E-7
9.478E+1,1.017E+0,9.731E-7
9.498E+1,1.016E+0,9.742E-7
9.519E+1,1.015E+0,9.757E-7
9.538E+1,1.016E+0,9.774E-7
9.557E+1,1.018E+0,9.981E-7
9.576E+1,1.015E+0,9.968E-7
9.597E+1,1.011E+0,9.838E-7
9.619E+1,1.021E+0,9.940E-7
9.638E+1,1.013E+0,9.922E-7
9.656E+1,1.015E+0,1.023E-6
9.679E+1,1.016E+0,9.971E-7
9.698E+1,1.014E+0,9.999E-7
9.718E+1,1.011E+0,1.028E-6
9.738E+1,1.018E+0,1.009E-6
9.758E+1,1.011E+0,1.032E-6
9.778E+1,1.017E+0,1.013E-6
9.798E+1,1.016E+0,1.038E-6
9.817E+1,1.013E+0,1.046E-6
9.838E+1,1.014E+0,1.019E-6
9.858E+1,1.016E+0,1.047E-6
9.878E+1,1.008E+0,1.049E-6
9.898E+1,1.017E+0,1.050E-6
9.918E+1,1.012E+0,1.031E-6
9.938E+1,1.015E+0,1.060E-6
9.958E+1,1.016E+0,1.061E-6
9.978E+1,1.014E+0,1.062E-6
9.998E+1,1.013E+0,1.064E-6
1.002E+2,1.012E+0,1.068E-6
1.004E+2,1.011E+0,1.068E-6
1.006E+2,1.011E+0,1.069E-6
1.008E+2,1.015E+0,1.093E-6
1.010E+2,1.012E+0,1.085E-6
1.012E+2,1.016E+0,1.075E-6
1.014E+2,1.012E+0,1.087E-6
1.016E+2,1.012E+0,1.101E-6
1.018E+2,1.013E+0,1.088E-6
1.020E+2,1.011E+0,1.093E-6
1.022E+2,1.013E+0,1.116E-6
1.024E+2,1.014E+0,1.096E-6
1.026E+2,1.011E+0,1.119E-6
1.028E+2,1.011E+0,1.099E-6
1.030E+2,1.014E+0,1.122E-6
1.032E+2,1.012E+0,1.123E-6
1.034E+2,1.013E+0,1.116E-6
1.036E+2,1.012E+0,1.126E-6
1.038E+2,1.012E+0,1.141E-6
1.040E+2,1.010E+0,1.115E-6
1.042E+2,1.011E+0,1.137E-6
1.044E+2,1.016E+0,1.144E-6
1.046E+2,1.014E+0,1.143E-6
1.048E+2,1.012E+0,1.147E-6
1.050E+2,1.012E+0,1.149E-6
1.052E+2,1.012E+0,1.151E-6
1.054E+2,1.011E+0,1.155E-6
1.056E+2,1.009E+0,1.155E-6
1.058E+2,1.013E+0,1.155E-6
1.060E+2,1.015E+0,1.187E-6
1.062E+2,1.009E+0,1.159E-6
1.064E+2,1.015E+0,1.169E-6
1.066E+2,1.010E+0,1.165E-6
1.068E+2,1.012E+0,1.192E-6
1.070E+2,1.013E+0,1.175E-6
1.072E+2,1.014E+0,1.196E-6
1.074E+2,1.012E+0,1.176E-6
1.076E+2,1.012E+0,1.201E-6
1.078E+2,1.010E+0,1.182E-6
1.080E+2,1.011E+0,1.203E-6
1.082E+2,1.012E+0,1.183E-6
1.084E+2,1.015E+0,1.214E-6
1.086E+2,1.009E+0,1.211E-6
1.088E+2,1.016E+0,1.211E-6
1.090E+2,1.008E+0,1.198E-6
1.092E+2,1.014E+0,1.224E-6
1.094E+2,1.013E+0,1.219E-6
1.096E+2,1.011E+0,1.220E-6
1.098E+2,1.011E+0,1.224E-6
1.100E+2,1.012E+0,1.228E-6
1.102E+2,1.012E+0,1.231E-6
1.104E+2,1.013E+0,1.237E-6
1.106E+2,1.011E+0,1.236E-6
1.108E+2,1.009E+0,1.234E-6
1.110E+2,1.014E+0,1.256E-6
1.112E+2,1.009E+0,1.248E-6
1.114E+2,1.013E+0,1.244E-6
1.116E+2,1.008E+0,1.243E-6
1.118E+2,1.013E+0,1.274E-6
1.120E+2,1.013E+0,1.250E-6
1.122E+2,1.011E+0,1.268E-6
1.124E+2,1.010E+0,1.262E-6
1.126E+2,1.012E+0,1.274E-6
1.128E+2,1.011E+0,1.267E-6
1.130E+2,1.010E+0,1.286E-6
1.132E+2,1.009E+0,1.263E-6
1.134E+2,1.013E+0,1.288E-6
1.136E+2,1.010E+0,1.295E-6
1.138E+2,1.011E+0,1.270E-6
1.140E+2,1.010E+0,1.299E-6
1.142E+2,1.014E+0,1.299E-6
1.144E+2,1.009E+0,1.298E-6
1.146E+2,1.009E+0,1.305E-6
1.148E+2,1.010E+0,1.309E-6
1.150E+2,1.011E+0,1.311E-6
1.152E+2,1.011E+0,1.312E-6
1.154E+2,1.012E+0,1.315E-6
1.156E+2,1.013E+0,1.324E-6
1.158E+2,1.009E+0,1.323E-6
1.160E+2,1.010E+0,1.319E-6
1.162E+2,1.012E+0,1.354E-6
1.164E+2,1.009E+0,1.324E-6
1.166E+2,1.010E+0,1.339E-6
1.168E+2,1.012E+0,1.354E-6
1.170E+2,1.010E+0,1.340E-6
1.172E+2,1.009E+0,1.340E-6
1.174E+2,1.010E+0,1.366E-6
1.176E+2,1.010E+0,1.350E-6
1.178E+2,1.012E+0,1.374E-6
1.180E+2,1.011E+0,1.374E-6
1.182E+2,1.008E+0,1.365E-6
1.184E+2,1.009E+0,1.376E-6
1.186E+2,1.013E+0,1.387E-6
1.188E+2,1.007E+0,1.366E-6
1.190E+2,1.013E+0,1.395E-6
1.192E+2,1.010E+0,1.390E-6
1.194E+2,1.008E+0,1.396E-6
1.196E+2,1.010E+0,1.403E-6
1.198E+2,1.011E+0,1.405E-6
1.200E+2,1.010E+0,1.406E-6
1.202E+2,1.009E+0,1.408E-6
1.204E+2,1.009E+0,1.409E-6
1.206E+2,1.012E+0,1.413E-6
1.208E+2,1.011E+0,1.424E-6
1.210E+2,1.007E+0,1.419E-6
1.212E+2,1.013E+0,1.440E-6
1.214E+2,1.007E+0,1.433E-6
1.216E+2,1.012E+0,1.435E-6
1.218E+2,1.010E+0,1.442E-6
1.220E+2,1.008E+0,1.444E-6
1.222E+2,1.009E+0,1.442E-6
1.224E+2,1.010E+0,1.464E-6
1.226E+2,1.009E+0,1.445E-6
1.228E+2,1.010E+0,1.467E-6
1.230E+2,1.011E+0,1.457E-6
1.232E+2,1.010E+0,1.475E-6
1.234E+2,1.007E+0,1.476E-6
1.236E+2,1.012E+0,1.472E-6
1.238E+2,1.007E+0,1.473E-6
1.240E+2,1.012E+0,1.486E-6
1.242E+2,1.007E+0,1.485E-6
1.244E+2,1.009E+0,1.498E-6
1.246E+2,1.011E+0,1.497E-6
1.248E+2,1.010E+0,1.497E-6
1.250E+2,1.009E+0,1.499E-6
1.252E+2,1.009E+0,1.505E-6
1.254E+2,1.008E+0,1.507E-6
1.256E+2,1.009E+0,1.507E-6
1.258E+2,1.012E+0,1.519E-6
1.260E+2,1.007E+0,1.517E-6
1.262E+2,1.010E+0,1.516E-6
1.264E+2,1.008E+0,1.548E-6
1.266E+2,1.011E+0,1.526E-6
1.268E+2,1.007E+0,1.524E-6
1.270E+2,1.008E+0,1.557E-6
1.272E+2,1.010E+0,1.538E-6
1.274E+2,1.009E+0,1.560E-6
1.276E+2,1.009E+0,1.542E-6
1.278E+2,1.008E+0,1.564E-6
1.280E+2,1.009E+0,1.544E-6
1.282E+2,1.011E+0,1.579E-6
1.284E+2,1.008E+0,1.576E-6
1.286E+2,1.008E+0,1.551E-6
1.288E+2,1.010E+0,1.588E-6
1.290E+2,1.008E+0,1.577E-6
1.292E+2,1.007E+0,1.591E-6
1.294E+2,1.011E+0,1.592E-6
1.296E+2,1.010E+0,1.586E-6
1.298E+2,1.009E+0,1.593E-6
1.300E+2,1.009E+0,1.599E-6
1.302E+2,1.009E+0,1.603E-6
1.304E+2,1.008E+0,1.611E-6
1.306E+2,1.007E+0,1.606E-6
1.308E+2,1.010E+0,1.605E-6
1.310E+2,1.011E+0,1.621E-6
1.312E+2,1.006E+0,1.612E-6
1.314E+2,1.011E+0,1.643E-6
1.316E+2,1.008E+0,1.620E-6
1.318E+2,1.007E+0,1.629E-6
1.320E+2,1.010E+0,1.652E-6
1.322E+2,1.010E+0,1.632E-6
1.324E+2,1.009E+0,1.651E-6
1.326E+2,1.009E+0,1.640E-6
1.328E+2,1.007E+0,1.660E-6
1.330E+2,1.007E+0,1.640E-6
1.332E+2,1.010E+0,1.660E-6
1.334E+2,1.010E+0,1.671E-6
1.336E+2,1.006E+0,1.652E-6
1.338E+2,1.012E+0,1.676E-6
1.340E+2,1.006E+0,1.673E-6
1.342E+2,1.009E+0,1.687E-6
1.344E+2,1.011E+0,1.677E-6
1.346E+2,1.008E+0,1.681E-6
1.348E+2,1.008E+0,1.676E-6
1.350E+2,1.009E+0,1.692E-6
1.352E+2,1.009E+0,1.705E-6
1.354E+2,1.009E+0,1.705E-6
1.356E+2,1.007E+0,1.710E-6
1.358E+2,1.007E+0,1.700E-6
1.360E+2,1.011E+0,1.711E-6
1.362E+2,1.006E+0,1.709E-6
1.364E+2,1.011E+0,1.726E-6
1.366E+2,1.006E+0,1.719E-6
1.368E+2,1.009E+0,1.725E-6
1.370E+2,1.010E+0,1.738E-6
1.372E+2,1.009E+0,1.729E-6
1.374E+2,1.008E+0,1.742E-6
1.376E+2,1.008E+0,1.738E-6
1.378E+2,1.008E+0,1.750E-6
1.380E+2,1.007E+0,1.743E-6
1.382E+2,1.007E+0,1.755E-6
1.384E+2,1.011E+0,1.758E-6
1.386E+2,1.006E+0,1.755E-6
1.388E+2,1.010E+0,1.762E-6
1.390E+2,1.006E+0,1.772E-6
1.392E+2,1.010E+0,1.773E-6
1.394E+2,1.008E+0,1.768E-6
1.396E+2,1.007E+0,1.768E-6
1.398E+2,1.007E+0,1.786E-6
1.400E+2,1.008E+0,1.787E-6
1.402E+2,1.009E+0,1.789E-6
1.404E+2,1.009E+0,1.799E-6
1.406E+2,1.009E+0,1.808E-6
1.408E+2,1.006E+0,1.801E-6
1.410E+2,1.009E+0,1.789E-6
1.412E+2,1.008E+0,1.803E-6
1.414E+2,1.009E+0,1.788E-6
1.416E+2,1.007E+0,1.814E-6
1.418E+2,1.010E+0,1.793E-6
1.420E+2,1.009E+0,1.802E-6
1.422E+2,1.008E+0,1.790E-6
1.424E+2,1.008E+0,1.790E-6
1.426E+2,1.009E+0,1.808E-6
1.428E+2,1.009E+0,1.810E-6
1.430E+2,1.008E+0,1.801E-6
1.432E+2,1.006E+0,1.814E-6
1.434E+2,1.009E+0,1.793E-6
1.436E+2,1.009E+0,1.828E-6
1.438E+2,1.008E+0,1.818E-6
1.440E+2,1.009E+0,1.836E-6
1.442E+2,1.010E+0,1.825E-6
1.444E+2,1.007E+0,1.819E-6
1.446E+2,1.007E+0,1.845E-6
1.448E+2,1.008E+0,1.848E-6
1.450E+2,1.009E+0,1.851E-6
1.452E+2,1.008E+0,1.856E-6
1.454E+2,1.009E+0,1.860E-6
1.456E+2,1.010E+0,1.884E-6
1.458E+2,1.007E+0,1.881E-6
1.460E+2,1.007E+0,1.872E-6
1.462E+2,1.010E+0,1.887E-6
1.464E+2,1.006E+0,1.883E-6
1.466E+2,1.009E+0,1.919E-6
1.468E+2,1.010E+0,1.897E-6
1.470E+2,1.007E+0,1.895E-6
1.472E+2,1.007E+0,1.924E-6
1.474E+2,1.008E+0,1.912E-6
1.476E+2,1.008E+0,1.933E-6
1.478E+2,1.009E+0,1.918E-6
1.480E+2,1.009E+0,1.950E-6
1.482E+2,1.006E+0,1.945E-6
1.484E+2,1.007E+0,1.926E-6
1.486E+2,1.010E+0,1.957E-6
1.488E+2,1.004E+0,1.955E-6
1.490E+2,1.010E+0,1.960E-6
1.492E+2,1.008E+0,1.943E-6
1.494E+2,1.007E+0,1.968E-6
1.496E+2,1.008E+0,1.974E-6
1.498E+2,1.008E+0,1.974E-6
1.500E+2,1.008E+0,1.976E-6
1.502E+2,1.008E+0,1.978E-6
1.504E+2,1.008E+0,1.979E-6
1.506E+2,1.010E+0,1.981E-6
1.508E+2,1.009E+0,2.006E-6
1.510E+2,1.005E+0,1.994E-6
1.512E+2,1.010E+0,1.993E-6
1.514E+2,1.005E+0,1.991E-6
1.516E+2,1.010E+0,2.012E-6
1.518E+2,1.007E+0,1.998E-6
1.520E+2,1.006E+0,2.002E-6
1.522E+2,1.007E+0,2.027E-6
1.524E+2,1.008E+0,2.007E-6
1.526E+2,1.008E+0,2.029E-6
1.528E+2,1.008E+0,2.009E-6
1.530E+2,1.009E+0,2.032E-6
1.532E+2,1.009E+0,2.038E-6
1.534E+2,1.005E+0,2.026E-6
1.536E+2,1.010E+0,2.038E-6
1.538E+2,1.006E+0,2.050E-6
1.540E+2,1.010E+0,2.040E-6
1.542E+2,1.006E+0,2.032E-6
1.544E+2,1.007E+0,2.058E-6
1.546E+2,1.009E+0,2.059E-6
1.548E+2,1.008E+0,2.056E-6
1.550E+2,1.008E+0,2.061E-6
1.552E+2,1.007E+0,2.065E-6
1.554E+2,1.006E+0,2.067E-6
1.556E+2,1.007E+0,2.065E-6
1.558E+2,1.010E+0,2.088E-6
1.560E+2,1.006E+0,2.085E-6
1.562E+2,1.008E+0,2.079E-6
1.564E+2,1.006E+0,2.092E-6
1.566E+2,1.009E+0,2.099E-6
1.568E+2,1.006E+0,2.090E-6
1.570E+2,1.006E+0,2.097E-6
1.572E+2,1.008E+0,2.117E-6
1.574E+2,1.007E+0,2.100E-6
1.576E+2,1.007E+0,2.119E-6
1.578E+2,1.006E+0,2.103E-6
1.580E+2,1.008E+0,2.122E-6
1.582E+2,1.009E+0,2.127E-6
1.584E+2,1.006E+0,2.125E-6
1.586E+2,1.007E+0,2.129E-6
1.588E+2,1.007E+0,2.147E-6
1.590E+2,1.007E+0,2.121E-6
1.592E+2,1.005E+0,2.150E-6
1.594E+2,1.008E+0,2.152E-6
1.596E+2,1.008E+0,2.150E-6
1.598E+2,1.008E+0,2.156E-6
1.600E+2,1.007E+0,2.159E-6
1.602E+2,1.007E+0,2.159E-6
1.604E+2,1.006E+0,2.165E-6
1.606E+2,1.005E+0,2.165E-6
1.608E+2,1.009E+0,2.164E-6
1.610E+2,1.009E+0,2.195E-6
1.612E+2,1.007E+0,2.173E-6
1.614E+2,1.009E+0,2.183E-6
1.616E+2,1.008E+0,2.178E-6
1.618E+2,1.007E+0,2.207E-6
1.620E+2,1.008E+0,2.192E-6
1.622E+2,1.010E+0,2.208E-6
1.624E+2,1.008E+0,2.198E-6
1.626E+2,1.008E+0,2.215E-6
1.628E+2,1.007E+0,2.205E-6
1.630E+2,1.008E+0,2.221E-6
1.632E+2,1.009E+0,2.203E-6
1.634E+2,1.009E+0,2.237E-6
1.636E+2,1.007E+0,2.231E-6
1.638E+2,1.011E+0,2.232E-6
1.640E+2,1.007E+0,2.222E-6
1.642E+2,1.008E+0,2.250E-6
1.644E+2,1.010E+0,2.245E-6
1.646E+2,1.009E+0,2.250E-6
1.648E+2,1.008E+0,2.246E-6
1.650E+2,1.008E+0,2.256E-6
1.652E+2,1.009E+0,2.264E-6
1.654E+2,1.008E+0,2.263E-6
1.656E+2,1.007E+0,2.269E-6
1.658E+2,1.008E+0,2.262E-6
1.660E+2,1.011E+0,2.289E-6
1.662E+2,1.006E+0,2.281E-6
1.664E+2,1.011E+0,2.281E-6
1.666E+2,1.007E+0,2.280E-6
1.668E+2,1.008E+0,2.311E-6
1.670E+2,1.010E+0,2.289E-6
1.672E+2,1.009E+0,2.302E-6
1.674E+2,1.009E+0,2.305E-6
1.676E+2,1.008E+0,2.308E-6
1.678E+2,1.008E+0,2.310E-6
1.680E+2,1.007E+0,2.324E-6
1.682E+2,1.008E+0,2.302E-6
1.684E+2,1.011E+0,2.335E-6
1.686E+2,1.006E+0,2.333E-6
1.688E+2,1.011E+0,2.322E-6
1.690E+2,1.007E+0,2.328E-6
1.692E+2,1.011E+0,2.345E-6
1.694E+2,1.009E+0,2.345E-6
1.696E+2,1.008E+0,2.341E-6
1.698E+2,1.008E+0,2.354E-6
1.700E+2,1.009E+0,2.358E-6
1.702E+2,1.009E+0,2.358E-6
1.704E+2,1.010E+0,2.366E-6
1.706E+2,1.009E+0,2.368E-6
1.708E+2,1.007E+0,2.368E-6
1.710E+2,1.010E+0,2.369E-6
1.712E+2,1.008E+0,2.400E-6
1.714E+2,1.010E+0,2.374E-6
1.716E+2,1.007E+0,2.385E-6
1.718E+2,1.010E+0,2.404E-6
1.720E+2,1.010E+0,2.393E-6
1.722E+2,1.008E+0,2.391E-6
1.724E+2,1.009E+0,2.409E-6
1.726E+2,1.009E+0,2.402E-6
1.728E+2,1.009E+0,2.423E-6
1.730E+2,1.008E+0,2.419E-6
1.732E+2,1.007E+0,2.411E-6
1.734E+2,1.011E+0,2.424E-6
1.736E+2,1.008E+0,2.440E-6
1.738E+2,1.009E+0,2.412E-6
1.740E+2,1.008E+0,2.448E-6
1.742E+2,1.011E+0,2.443E-6
1.744E+2,1.008E+0,2.440E-6
1.746E+2,1.008E+0,2.453E-6
1.748E+2,1.009E+0,2.455E-6
1.750E+2,1.009E+0,2.456E-6
1.752E+2,1.009E+0,2.458E-6
1.754E+2,1.010E+0,2.460E-6
1.756E+2,1.010E+0,2.472E-6
1.758E+2,1.007E+0,2.469E-6
1.760E+2,1.009E+0,2.465E-6
1.762E+2,1.010E+0,2.495E-6
1.764E+2,1.008E+0,2.475E-6
1.766E+2,1.008E+0,2.488E-6
1.768E+2,1.011E+0,2.494E-6
1.770E+2,1.008E+0,2.488E-6
1.772E+2,1.008E+0,2.489E-6
1.774E+2,1.008E+0,2.513E-6
1.776E+2,1.009E+0,2.493E-6
1.778E+2,1.009E+0,2.518E-6
1.780E+2,1.009E+0,2.518E-6
1.782E+2,1.007E+0,2.512E-6
1.784E+2,1.009E+0,2.519E-6
1.786E+2,1.010E+0,2.546E-6
1.788E+2,1.007E+0,2.513E-6
1.790E+2,1.010E+0,2.539E-6
1.792E+2,1.009E+0,2.535E-6
1.794E+2,1.007E+0,2.543E-6
1.796E+2,1.008E+0,2.550E-6
1.798E+2,1.009E+0,2.550E-6
1.800E+2,1.009E+0,2.552E-6
1.802E+2,1.009E+0,2.554E-6
1.804E+2,1.009E+0,2.554E-6
1.806E+2,1.010E+0,2.557E-6
1.808E+2,1.009E+0,2.570E-6
1.810E+2,1.007E+0,2.564E-6
1.812E+2,1.011E+0,2.584E-6
1.814E+2,1.007E+0,2.577E-6
1.816E+2,1.010E+0,2.580E-6
1.818E+2,1.009E+0,2.584E-6
1.820E+2,1.008E+0,2.587E-6
1.822E+2,1.008E+0,2.588E-6
1.824E+2,1.008E+0,2.609E-6
1.826E+2,1.008E+0,2.589E-6
1.828E+2,1.009E+0,2.611E-6
1.830E+2,1.009E+0,2.603E-6
1.832E+2,1.008E+0,2.618E-6
1.834E+2,1.007E+0,2.621E-6
1.836E+2,1.010E+0,2.616E-6
1.838E+2,1.006E+0,2.617E-6
1.840E+2,1.010E+0,2.631E-6
1.842E+2,1.007E+0,2.628E-6
1.844E+2,1.007E+0,2.641E-6
1.846E+2,1.009E+0,2.639E-6
1.848E+2,1.009E+0,2.640E-6
1.850E+2,1.008E+0,2.646E-6
1.852E+2,1.008E+0,2.655E-6
1.854E+2,1.007E+0,2.653E-6
1.856E+2,1.009E+0,2.649E-6
1.858E+2,1.009E+0,2.662E-6
1.860E+2,1.006E+0,2.659E-6
1.862E+2,1.010E+0,2.661E-6
1.864E+2,1.006E+0,2.687E-6
1.866E+2,1.010E+0,2.668E-6
1.868E+2,1.007E+0,2.664E-6
1.870E+2,1.007E+0,2.699E-6
1.872E+2,1.007E+0,2.680E-6
1.874E+2,1.008E+0,2.701E-6
1.876E+2,1.007E+0,2.684E-6
1.878E+2,1.008E+0,2.704E-6
1.880E+2,1.009E+0,2.684E-6
1.882E+2,1.008E+0,2.719E-6
1.884E+2,1.006E+0,2.714E-6
1.886E+2,1.009E+0,2.691E-6
1.888E+2,1.006E+0,2.728E-6
1.890E+2,1.009E+0,2.719E-6
1.892E+2,1.006E+0,2.727E-6
1.894E+2,1.008E+0,2.733E-6
1.896E+2,1.009E+0,2.727E-6
1.898E+2,1.008E+0,2.732E-6
1.900E+2,1.007E+0,2.738E-6
1.902E+2,1.007E+0,2.744E-6
1.904E+2,1.006E+0,2.750E-6
1.906E+2,1.007E+0,2.745E-6
1.908E+2,1.009E+0,2.745E-6
1.910E+2,1.007E+0,2.760E-6
1.912E+2,1.008E+0,2.748E-6
1.914E+2,1.006E+0,2.785E-6
1.916E+2,1.009E+0,2.761E-6
1.918E+2,1.006E+0,2.759E-6
1.920E+2,1.006E+0,2.790E-6
1.922E+2,1.008E+0,2.784E-6
1.924E+2,1.007E+0,2.803E-6
1.926E+2,1.008E+0,2.773E-6
1.928E+2,1.006E+0,2.800E-6
1.930E+2,1.008E+0,2.776E-6
1.932E+2,1.008E+0,2.805E-6
1.934E+2,1.005E+0,2.809E-6
1.936E+2,1.007E+0,2.789E-6
1.938E+2,1.008E+0,2.819E-6
1.940E+2,1.007E+0,2.808E-6
1.942E+2,1.005E+0,2.826E-6
1.944E+2,1.008E+0,2.818E-6
1.946E+2,1.008E+0,2.822E-6
1.948E+2,1.007E+0,2.825E-6
1.950E+2,1.007E+0,2.829E-6
1.952E+2,1.007E+0,2.837E-6
1.954E+2,1.006E+0,2.837E-6
1.956E+2,1.006E+0,2.845E-6
1.958E+2,1.008E+0,2.835E-6
1.960E+2,1.007E+0,2.849E-6
1.962E+2,1.005E+0,2.845E-6
1.964E+2,1.008E+0,2.866E-6
1.966E+2,1.008E+0,2.852E-6
1.968E+2,1.004E+0,2.861E-6
1.970E+2,1.007E+0,2.878E-6
1.972E+2,1.008E+0,2.861E-6
1.974E+2,1.006E+0,2.876E-6
1.976E+2,1.007E+0,2.873E-6
1.978E+2,1.005E+0,2.888E-6
1.980E+2,1.005E+0,2.872E-6
1.982E+2,1.009E+0,2.889E-6
1.984E+2,1.006E+0,2.895E-6
1.986E+2,1.004E+0,2.886E-6
1.988E+2,1.009E+0,2.905E-6
1.990E+2,1.005E+0,2.901E-6
1.992E+2,1.005E+0,2.912E-6
1.994E+2,1.007E+0,2.902E-6
1.996E+2,1.006E+0,2.906E-6
1.998E+2,1.006E+0,2.905E-6
2.000E+2,1.006E+0,2.904E-6
2.002E+2,1.007E+0,2.927E-6
2.004E+2,1.007E+0,2.935E-6
2.006E+2,1.005E+0,2.933E-6
2.008E+2,1.006E+0,2.928E-6
2.010E+2,1.007E+0,2.936E-6
2.012E+2,1.003E+0,2.933E-6
2.014E+2,1.009E+0,2.952E-6
2.016E+2,1.006E+0,2.943E-6
2.018E+2,1.004E+0,2.949E-6
2.020E+2,1.008E+0,2.960E-6
2.022E+2,1.006E+0,2.956E-6
2.024E+2,1.006E+0,2.964E-6
2.026E+2,1.006E+0,2.962E-6
2.028E+2,1.006E+0,2.968E-6
2.030E+2,1.004E+0,2.969E-6
2.032E+2,1.008E+0,2.978E-6
2.034E+2,1.007E+0,2.979E-6
2.036E+2,1.003E+0,2.978E-6
2.038E+2,1.008E+0,2.988E-6
2.040E+2,1.005E+0,2.997E-6
2.042E+2,1.007E+0,2.992E-6
2.044E+2,1.006E+0,2.992E-6
2.046E+2,1.005E+0,2.986E-6
2.048E+2,1.005E+0,3.005E-6
2.050E+2,1.006E+0,3.007E-6
2.052E+2,1.006E+0,3.009E-6
2.054E+2,1.006E+0,3.025E-6
2.056E+2,1.005E+0,3.021E-6
2.058E+2,1.004E+0,3.024E-6
2.060E+2,1.007E+0,3.014E-6
2.062E+2,1.004E+0,3.031E-6
2.064E+2,1.008E+0,3.024E-6
2.066E+2,1.004E+0,3.048E-6
2.068E+2,1.005E+0,3.031E-6
2.070E+2,1.007E+0,3.046E-6
2.072E+2,1.005E+0,3.038E-6
2.074E+2,1.006E+0,3.038E-6
2.076E+2,1.005E+0,3.056E-6
2.078E+2,1.006E+0,3.063E-6
2.080E+2,1.004E+0,3.048E-6
2.082E+2,1.005E+0,3.054E-6
2.084E+2,1.007E+0,3.017E-6
2.086E+2,1.003E+0,3.077E-6
2.088E+2,1.007E+0,3.068E-6
2.090E+2,1.004E+0,3.084E-6
2.092E+2,1.007E+0,3.070E-6
2.094E+2,1.005E+0,3.060E-6
2.096E+2,1.004E+0,3.084E-6
2.098E+2,1.005E+0,3.086E-6
2.100E+2,1.005E+0,3.086E-6
2.102E+2,1.006E+0,3.086E-6
2.104E+2,1.006E+0,3.087E-6
2.106E+2,1.005E+0,3.114E-6
2.108E+2,1.004E+0,3.101E-6
2.110E+2,1.006E+0,3.092E-6
2.112E+2,1.004E+0,3.103E-6
2.114E+2,1.006E+0,3.095E-6
2.116E+2,1.004E+0,3.130E-6
2.118E+2,1.006E+0,3.102E-6
2.120E+2,1.006E+0,3.107E-6
2.122E+2,1.005E+0,3.121E-6
2.124E+2,1.005E+0,3.109E-6
2.126E+2,1.005E+0,3.130E-6
2.128E+2,1.006E+0,3.114E-6
2.130E+2,1.004E+0,3.139E-6
2.132E+2,1.003E+0,3.135E-6
2.134E+2,1.006E+0,3.113E-6
2.136E+2,1.005E+0,3.145E-6
2.138E+2,1.005E+0,3.139E-6
2.140E+2,1.004E+0,3.142E-6
2.142E+2,1.007E+0,3.133E-6
2.144E+2,1.004E+0,3.140E-6
2.146E+2,1.004E+0,3.153E-6
2.148E+2,1.005E+0,3.151E-6
2.150E+2,1.005E+0,3.151E-6
2.152E+2,1.005E+0,3.151E-6
2.154E+2,1.005E+0,3.150E-6
2.156E+2,1.006E+0,3.157E-6
2.158E+2,1.003E+0,3.173E-6
2.160E+2,1.005E+0,3.163E-6
2.162E+2,1.005E+0,3.161E-6
2.164E+2,1.004E+0,3.156E-6
2.166E+2,1.004E+0,3.181E-6
2.168E+2,1.006E+0,3.166E-6
2.170E+2,1.004E+0,3.159E-6
2.172E+2,1.004E+0,3.189E-6
2.174E+2,1.004E+0,3.159E-6
2.176E+2,1.005E+0,3.187E-6
2.178E+2,1.005E+0,3.165E-6
2.180E+2,1.005E+0,3.195E-6
2.182E+2,1.003E+0,3.191E-6
2.184E+2,1.005E+0,3.181E-6
2.186E+2,1.005E+0,3.202E-6
2.188E+2,1.003E+0,3.201E-6
2.190E+2,1.005E+0,3.196E-6
2.192E+2,1.005E+0,3.189E-6
2.194E+2,1.003E+0,3.215E-6
2.196E+2,1.004E+0,3.216E-6
2.198E+2,1.004E+0,3.215E-6
2.200E+2,1.004E+0,3.219E-6
2.202E+2,1.004E+0,3.223E-6
2.204E+2,1.005E+0,3.223E-6
2.206E+2,1.005E+0,3.223E-6
2.208E+2,1.004E+0,3.251E-6
2.210E+2,1.003E+0,3.242E-6
2.212E+2,1.006E+0,3.234E-6
2.214E+2,1.003E+0,3.243E-6
2.216E+2,1.004E+0,3.255E-6
2.218E+2,1.005E+0,3.248E-6
2.220E+2,1.003E+0,3.252E-6
2.222E+2,1.003E+0,3.276E-6
2.224E+2,1.004E+0,3.257E-6
2.226E+2,1.004E+0,3.280E-6
2.228E+2,1.005E+0,3.259E-6
2.230E+2,1.005E+0,3.283E-6
2.232E+2,1.003E+0,3.288E-6
2.234E+2,1.003E+0,3.281E-6
2.236E+2,1.005E+0,3.289E-6
2.238E+2,1.002E+0,3.305E-6
2.240E+2,1.005E+0,3.293E-6
2.242E+2,1.003E+0,3.288E-6
2.244E+2,1.002E+0,3.314E-6
2.246E+2,1.004E+0,3.311E-6
2.248E+2,1.004E+0,3.313E-6
2.250E+2,1.003E+0,3.319E-6
2.252E+2,1.003E+0,3.323E-6
2.254E+2,1.003E+0,3.326E-6
2.256E+2,1.004E+0,3.322E-6
2.258E+2,1.004E+0,3.344E-6
2.260E+2,1.002E+0,3.346E-6
2.262E+2,1.005E+0,3.335E-6
2.264E+2,1.001E+0,3.348E-6
2.266E+2,1.005E+0,3.356E-6
2.268E+2,1.003E+0,3.345E-6
2.270E+2,1.002E+0,3.347E-6
2.272E+2,1.003E+0,3.398E-6
2.274E+2,1.003E+0,3.371E-6
2.276E+2,1.003E+0,3.373E-6
2.278E+2,1.004E+0,3.363E-6
2.280E+2,1.004E+0,3.381E-6
2.282E+2,1.003E+0,3.381E-6
2.284E+2,1.001E+0,3.379E-6
2.286E+2,1.005E+0,3.378E-6
2.288E+2,1.001E+0,3.398E-6
2.290E+2,1.005E+0,3.380E-6
2.292E+2,1.002E+0,3.395E-6
2.294E+2,1.002E+0,3.407E-6
2.296E+2,1.003E+0,3.402E-6
2.298E+2,1.003E+0,3.408E-6
2.300E+2,1.003E+0,3.410E-6
2.302E+2,1.002E+0,3.411E-6
2.304E+2,1.002E+0,3.415E-6
2.306E+2,1.003E+0,3.415E-6
2.308E+2,1.003E+0,3.415E-6
2.310E+2,1.001E+0,3.444E-6
2.312E+2,1.004E+0,3.424E-6
2.314E+2,1.001E+0,3.433E-6
2.316E+2,1.004E+0,3.434E-6
2.318E+2,1.002E+0,3.445E-6
2.320E+2,1.001E+0,3.438E-6
2.322E+2,1.002E+0,3.455E-6
2.324E+2,1.002E+0,3.442E-6
2.326E+2,1.002E+0,3.459E-6
2.328E+2,1.002E+0,3.446E-6
2.330E+2,1.003E+0,3.464E-6
2.332E+2,1.002E+0,3.448E-6
2.334E+2,9.999E-1,3.473E-6
2.336E+2,1.003E+0,3.467E-6
2.338E+2,1.000E+0,3.471E-6
2.340E+2,1.002E+0,3.455E-6
2.342E+2,9.998E-1,3.483E-6
2.344E+2,1.001E+0,3.477E-6
2.346E+2,1.002E+0,3.482E-6
2.348E+2,1.001E+0,3.482E-6
2.350E+2,1.001E+0,3.485E-6
2.352E+2,1.000E+0,3.487E-6
2.354E+2,1.000E+0,3.486E-6
2.356E+2,1.000E+0,3.490E-6
2.358E+2,1.002E+0,3.486E-6
2.360E+2,9.997E-1,3.512E-6
2.362E+2,1.001E+0,3.499E-6
2.364E+2,9.991E-1,3.497E-6
2.366E+2,1.001E+0,3.493E-6
2.368E+2,9.993E-1,3.530E-6
2.370E+2,9.988E-1,3.504E-6
2.372E+2,1.000E+0,3.520E-6
2.374E+2,9.995E-1,3.514E-6
2.376E+2,9.995E-1,3.523E-6
2.378E+2,9.985E-1,3.516E-6
2.380E+2,1.001E+0,3.551E-6
2.382E+2,9.996E-1,3.526E-6
2.384E+2,9.985E-1,3.544E-6
2.386E+2,9.997E-1,3.542E-6
2.388E+2,9.980E-1,3.538E-6
2.390E+2,9.982E-1,3.529E-6
2.392E+2,9.974E-1,3.553E-6
2.394E+2,9.999E-1,3.548E-6
2.396E+2,1.000E+0,3.548E-6
2.398E+2,9.992E-1,3.544E-6
2.400E+2,9.986E-1,3.548E-6
2.402E+2,9.985E-1,3.559E-6
2.404E+2,9.977E-1,3.554E-6
2.406E+2,9.974E-1,3.558E-6
2.408E+2,9.985E-1,3.551E-6
2.410E+2,9.961E-1,3.577E-6
2.412E+2,9.952E-1,3.566E-6
2.414E+2,9.975E-1,3.560E-6
2.416E+2,9.974E-1,3.554E-6
2.418E+2,9.938E-1,3.589E-6
2.420E+2,9.965E-1,3.560E-6
2.422E+2,9.960E-1,3.577E-6
2.424E+2,9.957E-1,3.575E-6
2.426E+2,9.949E-1,3.577E-6
2.428E+2,9.944E-1,3.574E-6
2.430E+2,9.938E-1,3.589E-6
2.432E+2,9.960E-1,3.563E-6
2.434E+2,9.939E-1,3.596E-6
2.436E+2,9.927E-1,3.589E-6
2.438E+2,9.951E-1,3.577E-6
2.440E+2,9.926E-1,3.579E-6
2.442E+2,9.923E-1,3.591E-6
2.444E+2,9.933E-1,3.588E-6
2.446E+2,9.922E-1,3.582E-6
2.448E+2,9.905E-1,3.590E-6
2.450E+2,9.925E-1,3.585E-6
2.452E+2,9.910E-1,3.580E-6
2.454E+2,9.905E-1,3.587E-6
2.456E+2,9.896E-1,3.580E-6
2.458E+2,9.895E-1,3.579E-6
2.460E+2,9.904E-1,3.575E-6
2.462E+2,9.869E-1,3.602E-6
2.464E+2,9.897E-1,3.573E-6
2.466E+2,9.864E-1,3.583E-6
2.468E+2,9.859E-1,3.590E-6
2.470E+2,9.873E-1,3.583E-6
2.472E+2,9.859E-1,3.571E-6
2.474E+2,9.846E-1,3.595E-6
2.476E+2,9.835E-1,3.572E-6
2.478E+2,9.824E-1,3.600E-6
2.480E+2,9.801E-1,3.585E-6
2.482E+2,9.806E-1,3.584E-6
2.484E+2,9.819E-1,3.586E-6
2.486E+2,9.791E-1,3.596E-6
2.488E+2,9.813E-1,3.579E-6
2.490E+2,9.777E-1,3.600E-6
2.492E+2,9.804E-1,3.589E-6
2.494E+2,9.799E-1,3.594E-6
2.496E+2,9.783E-1,3.591E-6
2.498E+2,9.790E-1,3.598E-6
2.500E+2,9.814E-1,3.564E-6
2.502E+2,9.819E-1,3.595E-6
2.504E+2,9.831E-1,3.596E-6
2.506E+2,9.829E-1,3.634E-6
2.508E+2,9.834E-1,3.628E-6
2.510E+2,9.876E-1,3.628E-6
2.512E+2,9.870E-1,3.662E-6
2.514E+2,9.919E-1,3.663E-6
2.516E+2,9.914E-1,3.700E-6
2.518E+2,9.958E-1,3.710E-6
2.520E+2,9.999E-1,3.731E-6
2.522E+2,9.991E-1,3.748E-6
2.524E+2,1.003E+0,3.793E-6
2.526E+2,1.005E+0,3.787E-6
2.528E+2,1.009E+0,3.844E-6
2.530E+2,1.008E+0,3.862E-6
2.532E+2,1.010E+0,3.861E-6
2.534E+2,1.014E+0,3.875E-6
2.536E+2,1.015E+0,3.903E-6
2.538E+2,1.019E+0,3.913E-6
2.540E+2,1.018E+0,3.957E-6
2.542E+2,1.022E+0,3.962E-6
2.544E+2,1.023E+0,3.960E-6
2.546E+2,1.024E+0,3.979E-6
2.548E+2,1.025E+0,3.976E-6
2.550E+2,1.025E+0,3.976E-6
2.552E+2,1.027E+0,3.972E-6
2.554E+2,1.028E+0,3.969E-6
2.556E+2,1.028E+0,3.983E-6
2.558E+2,1.028E+0,3.974E-6
2.560E+2,1.031E+0,3.967E-6
2.562E+2,1.028E+0,3.992E-6
2.564E+2,1.032E+0,3.972E-6
2.566E+2,1.029E+0,3.981E-6
2.568E+2,1.032E+0,3.982E-6
2.570E+2,1.032E+0,3.979E-6
2.572E+2,1.032E+0,3.970E-6
2.574E+2,1.032E+0,3.992E-6
2.576E+2,1.032E+0,3.976E-6
2.578E+2,1.031E+0,3.998E-6
2.580E+2,1.031E+0,3.990E-6
2.582E+2,1.031E+0,3.989E-6
2.584E+2,1.033E+0,3.988E-6
2.586E+2,1.030E+0,3.999E-6
2.588E+2,1.033E+0,3.982E-6
2.590E+2,1.029E+0,4.007E-6
2.592E+2,1.032E+0,4.000E-6
2.594E+2,1.033E+0,3.992E-6
2.596E+2,1.032E+0,4.008E-6
2.598E+2,1.032E+0,4.005E-6
2.600E+2,1.033E+0,4.006E-6
2.602E+2,1.033E+0,4.008E-6
2.604E+2,1.034E+0,4.005E-6
2.606E+2,1.032E+0,4.020E-6
2.608E+2,1.032E+0,4.018E-6
2.610E+2,1.034E+0,4.012E-6
2.612E+2,1.031E+0,4.039E-6
2.614E+2,1.034E+0,4.026E-6
2.616E+2,1.031E+0,4.033E-6
2.618E+2,1.033E+0,2.275E-6
2.620E+2,1.033E+0,3.170E-9
2.622E+2,1.032E+0,2.557E-9
2.624E+2,1.032E+0,2.542E-9
2.626E+2,1.032E+0,2.502E-9
2.628E+2,1.032E+0,2.477E-9
2.630E+2,1.030E+0,2.448E-9
2.632E+2,1.031E+0,2.433E-9
2.634E+2,1.033E+0,2.394E-9
2.636E+2,1.030E+0,2.362E-9
2.638E+2,1.032E+0,2.349E-9
2.640E+2,1.030E+0,2.336E-9
2.642E+2,1.032E+0,2.293E-9
2.644E+2,1.031E+0,2.277E-9
2.646E+2,1.030E+0,2.256E-9
2.648E+2,1.030E+0,2.228E-9
2.650E+2,1.030E+0,2.208E-9
2.652E+2,1.031E+0,2.185E-9
2.654E+2,1.030E+0,2.161E-9
2.656E+2,1.030E+0,2.147E-9
2.658E+2,1.029E+0,2.131E-9
2.660E+2,1.031E+0,2.092E-9
2.662E+2,1.029E+0,2.089E-9
2.664E+2,1.030E+0,2.075E-9
2.666E+2,1.028E+0,2.047E-9
2.668E+2,1.030E+0,2.024E-9
2.670E+2,1.030E+0,2.001E-9
2.672E+2,1.029E+0,1.991E-9
2.674E+2,1.029E+0,1.984E-9
2.676E+2,1.029E+0,1.961E-9
2.678E+2,1.029E+0,1.950E-9
2.680E+2,1.028E+0,1.930E-9
2.682E+2,1.027E+0,1.931E-9
2.684E+2,1.029E+0,1.890E-9
2.686E+2,1.027E+0,1.879E-9
2.688E+2,1.028E+0,1.875E-9
2.690E+2,1.027E+0,1.852E-9
2.692E+2,1.029E+0,1.825E-9
2.694E+2,1.027E+0,1.831E-9
2.696E+2,1.026E+0,1.803E-9
2.698E+2,1.027E+0,1.792E-9
2.700E+2,1.027E+0,1.773E-9
2.702E+2,1.027E+0,1.762E-9
2.704E+2,1.027E+0,1.755E-9
2.706E+2,1.026E+0,1.739E-9
2.708E+2,1.025E+0,1.734E-9
2.710E+2,1.026E+0,1.709E-9
2.712E+2,1.025E+0,1.709E-9
2.714E+2,1.025E+0,1.700E-9
2.716E+2,1.024E+0,1.681E-9
2.718E+2,1.025E+0,1.665E-9
2.720E+2,1.024E+0,1.668E-9
2.722E+2,1.023E+0,1.649E-9
2.724E+2,1.023E+0,1.646E-9
2.726E+2,1.023E+0,1.651E-9
2.728E+2,1.023E+0,1.637E-9
2.730E+2,1.023E+0,1.638E-9
2.732E+2,1.022E+0,1.629E-9
2.734E+2,1.025E+0,1.612E-9
2.736E+2,1.024E+0,1.607E-9
2.738E+2,1.024E+0,1.600E-9
2.740E+2,1.023E+0,1.589E-9
2.742E+2,1.024E+0,1.570E-9
2.744E+2,1.022E+0,1.567E-9
2.746E+2,1.022E+0,1.557E-9
2.748E+2,1.022E+0,1.550E-9
2.750E+2,1.022E+0,1.547E-9
2.752E+2,1.022E+0,1.539E-9
2.754E+2,1.022E+0,1.531E-9
2.756E+2,1.022E+0,1.528E-9
2.758E+2,1.020E+0,1.530E-9
2.760E+2,1.021E+0,1.523E-9
2.762E+2,1.021E+0,1.512E-9
2.764E+2,1.020E+0,1.515E-9
2.766E+2,1.020E+0,1.513E-9
2.768E+2,1.021E+0,1.503E-9
2.770E+2,1.019E+0,1.509E-9
2.772E+2,1.019E+0,1.519E-9
2.774E+2,1.019E+0,1.498E-9
2.776E+2,1.019E+0,1.503E-9
2.778E+2,1.019E+0,1.491E-9
2.780E+2,1.018E+0,1.501E-9
2.782E+2,1.016E+0,1.502E-9
2.784E+2,1.017E+0,1.499E-9
2.786E+2,1.018E+0,1.508E-9
2.788E+2,1.016E+0,1.517E-9
2.790E+2,1.017E+0,1.505E-9
2.792E+2,1.016E+0,1.509E-9
2.794E+2,1.014E+0,1.523E-9
2.796E+2,1.015E+0,1.515E-9
2.798E+2,1.014E+0,1.527E-9
2.800E+2,1.015E+0,1.532E-9
2.798E+2,1.019E+0,1.544E-9
2.796E+2,1.020E+0,1.537E-9
2.794E+2,1.020E+0,1.535E-9
2.792E+2,1.019E+0,1.531E-9
2.790E+2,1.020E+0,1.534E-9
2.788E+2,1.021E+0,1.517E-9
2.786E+2,1.020E+0,1.521E-9
2.784E+2,1.021E+0,1.533E-9
2.782E+2,1.023E+0,1.503E-9
2.780E+2,1.022E+0,1.515E-9
2.778E+2,1.022E+0,1.522E-9
2.776E+2,1.022E+0,1.512E-9
2.774E+2,1.023E+0,1.519E-9
2.772E+2,1.023E+0,1.513E-9
2.770E+2,1.023E+0,1.508E-9
2.768E+2,1.022E+0,1.521E-9
2.766E+2,1.022E+0,1.515E-9
2.764E+2,1.024E+0,1.520E-9
2.762E+2,1.022E+0,1.532E-9
2.760E+2,1.024E+0,1.528E-9
2.758E+2,1.023E+0,1.531E-9
2.756E+2,1.023E+0,1.536E-9
2.754E+2,1.024E+0,1.537E-9
2.752E+2,1.024E+0,1.536E-9
2.750E+2,1.024E+0,1.544E-9
2.748E+2,1.023E+0,1.556E-9
2.746E+2,1.023E+0,1.554E-9
2.744E+2,1.024E+0,1.560E-9
2.742E+2,1.025E+0,1.574E-9
2.740E+2,1.022E+0,1.584E-9
2.738E+2,1.024E+0,1.589E-9
2.736E+2,1.022E+0,1.601E-9
2.734E+2,1.024E+0,1.604E-9
2.732E+2,1.022E+0,1.625E-9
2.730E+2,1.022E+0,1.618E-9
2.728E+2,1.024E+0,1.645E-9
2.726E+2,1.024E+0,1.643E-9
2.724E+2,1.024E+0,1.667E-9
2.722E+2,1.025E+0,1.664E-9
2.720E+2,1.026E+0,1.679E-9
2.718E+2,1.028E+0,1.674E-9
2.716E+2,1.026E+0,1.697E-9
2.714E+2,1.026E+0,1.696E-9
2.712E+2,1.027E+0,1.702E-9
2.710E+2,1.026E+0,1.705E-9
2.708E+2,1.026E+0,1.736E-9
2.706E+2,1.027E+0,1.740E-9
2.704E+2,1.027E+0,1.750E-9
2.702E+2,1.026E+0,1.766E-9
2.700E+2,1.027E+0,1.780E-9
2.698E+2,1.027E+0,1.793E-9
2.696E+2,1.027E+0,1.798E-9
2.694E+2,1.026E+0,1.818E-9
2.692E+2,1.027E+0,1.827E-9
2.690E+2,1.028E+0,1.847E-9
2.688E+2,1.025E+0,1.868E-9
2.686E+2,1.029E+0,1.862E-9
2.684E+2,1.026E+0,1.887E-9
2.682E+2,1.027E+0,1.914E-9
2.680E+2,1.028E+0,1.918E-9
2.678E+2,1.027E+0,1.933E-9
2.676E+2,1.027E+0,1.954E-9
2.674E+2,1.027E+0,1.971E-9
2.672E+2,1.027E+0,1.990E-9
2.670E+2,1.027E+0,2.001E-9
2.668E+2,1.027E+0,2.016E-9
2.666E+2,1.029E+0,2.042E-9
2.664E+2,1.027E+0,2.061E-9
2.662E+2,1.028E+0,2.073E-9
2.660E+2,1.027E+0,2.108E-9
2.658E+2,1.029E+0,2.124E-9
2.656E+2,1.028E+0,2.137E-9
2.654E+2,1.027E+0,2.170E-9
2.652E+2,1.028E+0,2.180E-9
2.650E+2,1.028E+0,2.207E-9
2.648E+2,1.029E+0,2.224E-9
2.646E+2,1.029E+0,2.243E-9
2.644E+2,1.029E+0,2.262E-9
2.642E+2,1.028E+0,2.297E-9
2.640E+2,1.029E+0,2.306E-9
2.638E+2,1.030E+0,2.349E-9
2.636E+2,1.028E+0,2.373E-9
2.634E+2,1.029E+0,2.391E-9
2.632E+2,1.031E+0,2.414E-9
2.630E+2,1.029E+0,2.453E-9
2.628E+2,1.029E+0,2.461E-9
2.626E+2,1.030E+0,2.513E-9
2.624E+2,1.030E+0,2.518E-9
2.622E+2,1.031E+0,2.554E-9
2.620E+2,1.030E+0,2.578E-9
2.618E+2,1.029E+0,2.622E-9
2.616E+2,1.029E+0,2.644E-9
2.614E+2,1.031E+0,2.664E-9
2.612E+2,1.028E+0,2.713E-9
2.610E+2,1.032E+0,2.749E-9
2.608E+2,1.030E+0,2.764E-9
2.606E+2,1.029E+0,2.813E-9
2.604E+2,1.030E+0,2.835E-9
2.602E+2,1.031E+0,2.866E-9
2.600E+2,1.030E+0,2.913E-9
2.598E+2,1.030E+0,2.942E-9
2.596E+2,1.030E+0,2.986E-9
2.594E+2,1.031E+0,3.010E-9
2.592E+2,1.031E+0,3.039E-9
2.590E+2,1.029E+0,3.095E-9
2.588E+2,1.032E+0,3.094E-9
2.586E+2,1.028E+0,3.149E-9
2.584E+2,1.029E+0,3.156E-9
2.582E+2,1.027E+0,3.184E-9
2.580E+2,1.027E+0,3.247E-9
2.578E+2,1.027E+0,3.273E-9
2.576E+2,1.028E+0,3.305E-9
2.574E+2,1.027E+0,3.339E-9
2.572E+2,1.027E+0,3.389E-9
2.570E+2,1.027E+0,3.417E-9
2.568E+2,1.028E+0,3.465E-9
2.566E+2,1.025E+0,3.498E-9
2.564E+2,1.026E+0,3.522E-9
2.562E+2,1.026E+0,3.590E-9
2.560E+2,1.026E+0,3.595E-9
2.558E+2,1.024E+0,3.639E-9
2.556E+2,1.026E+0,3.651E-9
2.554E+2,1.026E+0,3.677E-9
2.552E+2,1.025E+0,3.710E-9
2.550E+2,1.026E+0,3.713E-9
2.548E+2,1.023E+0,3.737E-9
2.546E+2,1.023E+0,3.752E-9
2.544E+2,1.022E+0,3.755E-9
2.542E+2,1.025E+0,3.743E-9
2.540E+2,1.023E+0,3.735E-9
2.538E+2,1.021E+0,3.720E-9
2.536E+2,1.021E+0,3.682E-9
2.534E+2,1.022E+0,3.673E-9
2.532E+2,1.017E+0,3.603E-9
2.530E+2,1.018E+0,3.536E-9
2.528E+2,1.017E+0,3.475E-9
2.526E+2,1.016E+0,3.397E-9
2.524E+2,1.014E+0,3.293E-9
2.522E+2,1.013E+0,3.211E-9
2.520E+2,1.013E+0,3.105E-9
2.518E+2,1.013E+0,2.959E-9
2.516E+2,1.009E+0,2.855E-9
2.514E+2,1.010E+0,2.731E-9
2.512E+2,1.012E+0,2.577E-9
2.510E+2,1.007E+0,2.463E-9
2.508E+2,1.007E+0,2.324E-9
2.506E+2,1.006E+0,2.200E-9
2.504E+2,1.006E+0,2.064E-9
2.502E+2,1.004E+0,1.933E-9
2.500E+2,1.002E+0,1.806E-9
2.498E+2,1.003E+0,1.686E-9
2.496E+2,1.001E+0,1.583E-9
2.494E+2,9.996E-1,1.490E-9
2.492E+2,9.980E-1,1.394E-9
2.490E+2,1.000E+0,1.304E-9
2.488E+2,9.962E-1,1.213E-9
2.486E+2,9.984E-1,1.136E-9
2.484E+2,9.953E-1,1.086E-9
2.482E+2,9.956E-1,1.016E-9
2.480E+2,9.957E-1,9.657E-10
2.478E+2,9.937E-1,9.280E-10
2.476E+2,9.934E-1,8.898E-10
2.474E+2,9.926E-1,8.591E-10
2.472E+2,9.919E-1,8.279E-10
2.470E+2,9.913E-1,8.026E-10
2.468E+2,9.906E-1,7.807E-10
2.466E+2,9.928E-1,7.654E-10
2.464E+2,9.911E-1,7.585E-10
2.462E+2,9.906E-1,7.457E-10
2.460E+2,9.900E-1,7.379E-10
2.458E+2,9.922E-1,7.336E-10
2.456E+2,9.887E-1,7.352E-10
2.454E+2,9.896E-1,7.356E-10
2.452E+2,9.900E-1,7.330E-10
2.450E+2,9.896E-1,7.380E-10
2.448E+2,9.903E-1,7.360E-10
2.446E+2,9.908E-1,7.490E-10
2.444E+2,9.918E-1,7.514E-10
2.442E+2,9.903E-1,7.717E-10
2.440E+2,9.892E-1,7.759E-10
2.438E+2,9.925E-1,7.794E-10
2.436E+2,9.892E-1,7.940E-10
2.434E+2,9.923E-1,8.054E-10
2.432E+2,9.921E-1,8.149E-10
2.430E+2,9.905E-1,8.215E-10
2.428E+2,9.908E-1,8.385E-10
2.426E+2,9.923E-1,8.482E-10
2.424E+2,9.917E-1,8.652E-10
2.422E+2,9.932E-1,8.701E-10
2.420E+2,9.931E-1,8.883E-10
2.418E+2,9.933E-1,8.995E-10
2.416E+2,9.921E-1,9.183E-10
2.414E+2,9.943E-1,9.250E-10
2.412E+2,9.919E-1,9.444E-10
2.410E+2,9.960E-1,9.544E-10
2.408E+2,9.938E-1,9.700E-10
2.406E+2,9.943E-1,9.860E-10
2.404E+2,9.944E-1,9.883E-10
2.402E+2,9.937E-1,1.005E-9
2.400E+2,9.942E-1,1.020E-9
2.398E+2,9.939E-1,1.032E-9
2.396E+2,9.939E-1,1.046E-9
2.394E+2,9.948E-1,1.057E-9
2.392E+2,9.973E-1,1.074E-9
2.390E+2,9.967E-1,1.093E-9
2.388E+2,9.961E-1,1.104E-9
2.386E+2,9.961E-1,1.109E-9
2.384E+2,9.963E-1,1.124E-9
2.382E+2,9.958E-1,1.149E-9
2.380E+2,9.967E-1,1.155E-9
2.378E+2,9.972E-1,1.162E-9
2.376E+2,9.977E-1,1.185E-9
2.374E+2,9.969E-1,1.188E-9
2.372E+2,9.969E-1,1.208E-9
2.370E+2,9.968E-1,1.218E-9
2.368E+2,9.983E-1,1.236E-9
2.366E+2,9.991E-1,1.253E-9
2.364E+2,9.961E-1,1.258E-9
2.362E+2,9.999E-1,1.257E-9
2.360E+2,9.972E-1,1.292E-9
2.358E+2,9.993E-1,1.302E-9
2.356E+2,9.988E-1,1.311E-9
2.354E+2,9.983E-1,1.318E-9
2.352E+2,9.980E-1,1.333E-9
2.350E+2,9.987E-1,1.352E-9
2.348E+2,9.998E-1,1.358E-9
2.346E+2,9.995E-1,1.377E-9
2.344E+2,9.988E-1,1.401E-9
2.342E+2,9.986E-1,1.393E-9
2.340E+2,1.001E+0,1.416E-9
2.338E+2,9.987E-1,1.434E-9
2.336E+2,1.001E+0,1.441E-9
2.334E+2,9.983E-1,1.448E-9
2.332E+2,1.000E+0,1.461E-9
2.330E+2,1.001E+0,1.475E-9
2.328E+2,1.000E+0,1.498E-9
2.326E+2,9.999E-1,1.499E-9
2.324E+2,1.001E+0,1.517E-9
2.322E+2,1.000E+0,1.524E-9
2.320E+2,1.000E+0,1.549E-9
2.318E+2,9.996E-1,1.553E-9
2.316E+2,1.001E+0,1.558E-9
2.314E+2,1.001E+0,1.577E-9
2.312E+2,1.001E+0,1.588E-9
2.310E+2,1.001E+0,1.605E-9
2.308E+2,1.002E+0,1.608E-9
2.306E+2,1.000E+0,1.625E-9
2.304E+2,1.001E+0,1.631E-9
2.302E+2,1.001E+0,1.649E-9
2.300E+2,1.001E+0,1.657E-9
2.298E+2,1.002E+0,1.670E-9
2.296E+2,1.001E+0,1.679E-9
2.294E+2,1.003E+0,1.689E-9
2.292E+2,1.001E+0,1.707E-9
2.290E+2,1.001E+0,1.716E-9
2.288E+2,1.003E+0,1.743E-9
2.286E+2,1.001E+0,1.749E-9
2.284E+2,1.002E+0,1.753E-9
2.282E+2,1.003E+0,1.763E-9
2.280E+2,1.001E+0,1.781E-9
2.278E+2,1.002E+0,1.789E-9
2.276E+2,1.002E+0,1.817E-9
2.274E+2,1.002E+0,1.812E-9
2.272E+2,1.002E+0,1.832E-9
2.270E+2,1.003E+0,1.835E-9
2.268E+2,1.001E+0,1.859E-9
2.266E+2,1.001E+0,1.867E-9
2.264E+2,1.004E+0,1.876E-9
2.262E+2,1.000E+0,1.893E-9
2.260E+2,1.004E+0,1.907E-9
2.258E+2,1.001E+0,1.927E-9
2.256E+2,1.002E+0,1.938E-9
2.254E+2,1.003E+0,1.941E-9
2.252E+2,1.003E+0,1.952E-9
2.250E+2,1.003E+0,1.970E-9
2.248E+2,1.002E+0,1.981E-9
2.246E+2,1.002E+0,1.992E-9
2.244E+2,1.003E+0,2.004E-9
2.242E+2,1.004E+0,2.010E-9
2.240E+2,1.001E+0,2.032E-9
2.238E+2,1.003E+0,2.033E-9
2.236E+2,1.002E+0,2.072E-9
2.234E+2,1.004E+0,2.056E-9
2.232E+2,1.002E+0,2.070E-9
2.230E+2,1.002E+0,2.106E-9
2.228E+2,1.003E+0,2.098E-9
2.226E+2,1.003E+0,2.129E-9
2.224E+2,1.003E+0,2.125E-9
2.222E+2,1.003E+0,2.161E-9
2.220E+2,1.004E+0,2.148E-9
2.218E+2,1.005E+0,2.167E-9
2.216E+2,1.002E+0,2.194E-9
2.214E+2,1.003E+0,2.177E-9
2.212E+2,1.004E+0,2.209E-9
2.210E+2,1.003E+0,2.222E-9
2.208E+2,1.002E+0,2.249E-9
2.206E+2,1.005E+0,2.241E-9
2.204E+2,1.004E+0,2.247E-9
2.202E+2,1.004E+0,2.267E-9
2.200E+2,1.003E+0,2.288E-9
2.198E+2,1.004E+0,2.298E-9
2.196E+2,1.003E+0,2.320E-9
2.194E+2,1.002E+0,2.331E-9
2.192E+2,1.005E+0,2.334E-9
2.190E+2,1.005E+0,2.330E-9
2.188E+2,1.003E+0,2.355E-9
2.186E+2,1.005E+0,2.387E-9
2.184E+2,1.003E+0,2.397E-9
2.182E+2,1.003E+0,2.385E-9
2.180E+2,1.005E+0,2.438E-9
2.178E+2,1.005E+0,2.427E-9
2.176E+2,1.004E+0,2.452E-9
2.174E+2,1.004E+0,2.464E-9
2.172E+2,1.003E+0,2.480E-9
2.170E+2,1.003E+0,2.492E-9
2.168E+2,1.004E+0,2.523E-9
2.166E+2,1.005E+0,2.495E-9
2.164E+2,1.003E+0,2.533E-9
2.162E+2,1.006E+0,2.544E-9
2.160E+2,1.002E+0,2.575E-9
2.158E+2,1.005E+0,2.558E-9
2.156E+2,1.005E+0,2.576E-9
2.154E+2,1.004E+0,2.596E-9
2.152E+2,1.004E+0,2.618E-9
2.150E+2,1.004E+0,2.630E-9
2.148E+2,1.005E+0,2.650E-9
2.146E+2,1.005E+0,2.669E-9
2.144E+2,1.004E+0,2.683E-9
2.142E+2,1.003E+0,2.702E-9
2.140E+2,1.006E+0,2.700E-9
2.138E+2,1.004E+0,2.710E-9
2.136E+2,1.005E+0,2.711E-9
2.134E+2,1.003E+0,2.768E-9
2.132E+2,1.005E+0,2.760E-9
2.130E+2,1.006E+0,2.763E-9
2.128E+2,1.004E+0,2.812E-9
2.126E+2,1.005E+0,2.788E-9
2.124E+2,1.005E+0,2.838E-9
2.122E+2,1.005E+0,2.826E-9
2.120E+2,1.005E+0,2.876E-9
2.118E+2,1.004E+0,2.866E-9
2.116E+2,1.006E+0,2.862E-9
2.114E+2,1.005E+0,2.921E-9
2.112E+2,1.004E+0,2.924E-9
2.110E+2,1.005E+0,2.934E-9
2.108E+2,1.006E+0,2.938E-9
2.106E+2,1.003E+0,2.966E-9
2.104E+2,1.004E+0,2.994E-9
2.102E+2,1.005E+0,3.011E-9
2.100E+2,1.005E+0,3.025E-9
2.098E+2,1.005E+0,3.039E-9
2.096E+2,1.005E+0,3.033E-9
2.094E+2,1.006E+0,3.068E-9
2.092E+2,1.005E+0,3.083E-9
2.090E+2,1.004E+0,3.124E-9
2.088E+2,1.007E+0,3.116E-9
2.086E+2,1.003E+0,3.116E-9
2.084E+2,1.007E+0,3.169E-9
2.082E+2,1.006E+0,3.171E-9
2.080E+2,1.004E+0,3.168E-9
2.078E+2,1.005E+0,3.226E-9
2.076E+2,1.004E+0,3.197E-9
2.074E+2,1.006E+0,3.260E-9
2.072E+2,1.005E+0,3.239E-9
2.070E+2,1.007E+0,3.285E-9
2.068E+2,1.005E+0,3.289E-9
2.066E+2,1.004E+0,3.310E-9
2.064E+2,1.008E+0,3.338E-9
2.062E+2,1.003E+0,3.361E-9
2.060E+2,1.007E+0,3.346E-9
2.058E+2,1.004E+0,3.375E-9
2.056E+2,1.005E+0,3.414E-9
2.054E+2,1.007E+0,3.421E-9
2.052E+2,1.006E+0,3.418E-9
2.050E+2,1.006E+0,3.458E-9
2.048E+2,1.005E+0,3.484E-9
2.046E+2,1.004E+0,3.493E-9
2.044E+2,1.005E+0,3.493E-9
2.042E+2,1.007E+0,3.535E-9
2.040E+2,1.004E+0,3.567E-9
2.038E+2,1.007E+0,3.574E-9
2.036E+2,1.005E+0,3.602E-9
2.034E+2,1.007E+0,3.601E-9
2.032E+2,1.005E+0,3.645E-9
2.030E+2,1.006E+0,3.656E-9
2.028E+2,1.005E+0,3.673E-9
2.026E+2,1.007E+0,3.699E-9
2.024E+2,1.004E+0,3.709E-9
2.022E+2,1.006E+0,3.722E-9
2.020E+2,1.005E+0,3.759E-9
2.018E+2,1.008E+0,3.781E-9
2.016E+2,1.006E+0,3.787E-9
2.014E+2,1.004E+0,3.822E-9
2.012E+2,1.007E+0,3.854E-9
2.010E+2,1.007E+0,3.849E-9
2.008E+2,1.005E+0,3.875E-9
2.006E+2,1.007E+0,3.889E-9
2.004E+2,1.006E+0,3.919E-9
2.002E+2,1.006E+0,3.959E-9
2.000E+2,1.006E+0,4.003E-9
1.998E+2,1.006E+0,4.010E-9
1.996E+2,1.006E+0,4.033E-9
1.994E+2,1.005E+0,4.023E-9
1.992E+2,1.007E+0,4.033E-9
1.990E+2,1.007E+0,4.068E-9
1.988E+2,1.003E+0,4.125E-9
1.986E+2,1.007E+0,4.139E-9
1.984E+2,1.007E+0,4.140E-9
1.982E+2,1.005E+0,4.190E-9
1.980E+2,1.006E+0,4.210E-9
1.978E+2,1.008E+0,4.212E-9
1.976E+2,1.005E+0,4.259E-9
1.974E+2,1.007E+0,4.283E-9
1.972E+2,1.004E+0,4.315E-9
1.970E+2,1.006E+0,4.328E-9
1.968E+2,1.006E+0,4.334E-9
1.966E+2,1.008E+0,4.398E-9
1.964E+2,1.005E+0,4.423E-9
1.962E+2,1.008E+0,4.409E-9
1.960E+2,1.004E+0,4.462E-9
1.958E+2,1.008E+0,4.508E-9
1.956E+2,1.008E+0,4.521E-9
1.954E+2,1.006E+0,4.559E-9
1.952E+2,1.006E+0,4.574E-9
1.950E+2,1.007E+0,4.601E-9
1.948E+2,1.007E+0,4.636E-9
1.946E+2,1.008E+0,4.657E-9
1.944E+2,1.006E+0,4.702E-9
1.942E+2,1.004E+0,4.727E-9
1.940E+2,1.008E+0,4.756E-9
1.938E+2,1.006E+0,4.807E-9
1.936E+2,1.008E+0,4.842E-9
1.934E+2,1.004E+0,4.865E-9
1.932E+2,1.008E+0,4.892E-9
1.930E+2,1.008E+0,4.942E-9
1.928E+2,1.006E+0,4.986E-9
1.926E+2,1.007E+0,4.999E-9
1.924E+2,1.007E+0,5.037E-9
1.922E+2,1.008E+0,5.045E-9
1.920E+2,1.006E+0,5.131E-9
1.918E+2,1.006E+0,5.127E-9
1.916E+2,1.008E+0,5.165E-9
1.914E+2,1.007E+0,5.198E-9
1.912E+2,1.007E+0,5.199E-9
1.910E+2,1.007E+0,5.253E-9
1.908E+2,1.009E+0,5.277E-9
1.906E+2,1.006E+0,5.339E-9
1.904E+2,1.006E+0,5.353E-9
1.902E+2,1.007E+0,5.384E-9
1.900E+2,1.007E+0,5.392E-9
1.898E+2,1.007E+0,5.436E-9
1.896E+2,1.008E+0,5.459E-9
1.894E+2,1.009E+0,5.485E-9
1.892E+2,1.007E+0,5.550E-9
1.890E+2,1.007E+0,5.570E-9
1.888E+2,1.009E+0,5.641E-9
1.886E+2,1.006E+0,5.671E-9
1.884E+2,1.008E+0,5.655E-9
1.882E+2,1.009E+0,5.718E-9
1.880E+2,1.007E+0,5.767E-9
1.878E+2,1.007E+0,5.759E-9
1.876E+2,1.007E+0,5.896E-9
1.874E+2,1.008E+0,5.803E-9
1.872E+2,1.008E+0,5.958E-9
1.870E+2,1.008E+0,5.915E-9
1.868E+2,1.007E+0,5.978E-9
1.866E+2,1.007E+0,6.059E-9
1.864E+2,1.010E+0,6.029E-9
1.862E+2,1.006E+0,6.077E-9
1.860E+2,1.010E+0,6.143E-9
1.858E+2,1.007E+0,6.223E-9
1.856E+2,1.007E+0,6.237E-9
1.854E+2,1.008E+0,6.256E-9
1.852E+2,1.008E+0,6.309E-9
1.850E+2,1.008E+0,6.348E-9
1.848E+2,1.008E+0,6.403E-9
1.846E+2,1.007E+0,6.452E-9
1.844E+2,1.009E+0,6.481E-9
1.842E+2,1.009E+0,6.470E-9
1.840E+2,1.006E+0,6.571E-9
1.838E+2,1.010E+0,6.602E-9
1.836E+2,1.006E+0,6.712E-9
1.834E+2,1.010E+0,6.661E-9
1.832E+2,1.007E+0,6.735E-9
1.830E+2,1.007E+0,6.877E-9
1.828E+2,1.008E+0,6.766E-9
1.826E+2,1.008E+0,6.949E-9
1.824E+2,1.008E+0,6.887E-9
1.822E+2,1.008E+0,7.056E-9
1.820E+2,1.009E+0,6.958E-9
1.818E+2,1.009E+0,7.130E-9
1.816E+2,1.007E+0,7.179E-9
1.814E+2,1.009E+0,7.119E-9
1.812E+2,1.008E+0,7.293E-9
1.810E+2,1.009E+0,7.315E-9
1.808E+2,1.007E+0,7.377E-9
1.806E+2,1.009E+0,7.378E-9
1.804E+2,1.009E+0,7.429E-9
1.802E+2,1.009E+0,7.496E-9
1.800E+2,1.008E+0,7.541E-9
1.798E+2,1.008E+0,7.613E-9
1.796E+2,1.008E+0,7.689E-9
1.794E+2,1.007E+0,7.746E-9
1.792E+2,1.010E+0,7.762E-9
1.790E+2,1.008E+0,7.805E-9
1.788E+2,1.008E+0,7.833E-9
1.786E+2,1.010E+0,8.029E-9
1.784E+2,1.009E+0,8.029E-9
1.782E+2,1.007E+0,7.995E-9
1.780E+2,1.009E+0,8.219E-9
1.778E+2,1.010E+0,8.173E-9
1.776E+2,1.009E+0,8.250E-9
1.774E+2,1.008E+0,8.314E-9
1.772E+2,1.008E+0,8.416E-9
1.770E+2,1.008E+0,8.361E-9
1.768E+2,1.010E+0,8.595E-9
1.766E+2,1.009E+0,8.511E-9
1.764E+2,1.007E+0,8.577E-9
1.762E+2,1.011E+0,8.758E-9
1.760E+2,1.007E+0,8.825E-9
1.758E+2,1.009E+0,8.777E-9
1.756E+2,1.010E+0,8.838E-9
1.754E+2,1.009E+0,8.926E-9
1.752E+2,1.008E+0,8.996E-9
1.750E+2,1.008E+0,9.082E-9
1.748E+2,1.009E+0,9.183E-9
1.746E+2,1.009E+0,9.269E-9
1.744E+2,1.008E+0,9.360E-9
1.742E+2,1.008E+0,9.447E-9
1.740E+2,1.011E+0,9.413E-9
1.738E+2,1.006E+0,9.492E-9
1.736E+2,1.011E+0,9.599E-9
1.734E+2,1.007E+0,9.799E-9
1.732E+2,1.009E+0,9.721E-9
1.730E+2,1.010E+0,9.824E-9
1.728E+2,1.010E+0,9.976E-9
1.726E+2,1.008E+0,9.963E-9
1.724E+2,1.009E+0,1.015E-8
1.722E+2,1.008E+0,1.016E-8
1.720E+2,1.008E+0,1.034E-8
1.718E+2,1.008E+0,1.040E-8
1.716E+2,1.011E+0,1.038E-8
1.714E+2,1.007E+0,1.066E-8
1.712E+2,1.010E+0,1.071E-8
1.710E+2,1.007E+0,1.077E-8
1.708E+2,1.010E+0,1.082E-8
1.706E+2,1.008E+0,1.094E-8
1.704E+2,1.007E+0,1.108E-8
1.702E+2,1.008E+0,1.122E-8
1.700E+2,1.009E+0,1.130E-8
1.698E+2,1.009E+0,1.137E-8
1.696E+2,1.010E+0,1.151E-8
1.694E+2,1.009E+0,1.166E-8
1.692E+2,1.006E+0,1.178E-8
1.690E+2,1.009E+0,1.188E-8
1.688E+2,1.009E+0,1.195E-8
1.686E+2,1.009E+0,1.196E-8
1.684E+2,1.008E+0,1.230E-8
1.682E+2,1.010E+0,1.228E-8
1.680E+2,1.009E+0,1.237E-8
1.678E+2,1.008E+0,1.266E-8
1.676E+2,1.008E+0,1.256E-8
1.674E+2,1.008E+0,1.297E-8
1.672E+2,1.009E+0,1.284E-8
1.670E+2,1.009E+0,1.313E-8
1.668E+2,1.007E+0,1.324E-8
1.666E+2,1.008E+0,1.330E-8
1.664E+2,1.009E+0,1.360E-8
1.662E+2,1.007E+0,1.369E-8
1.660E+2,1.010E+0,1.370E-8
1.658E+2,1.010E+0,1.384E-8
1.656E+2,1.007E+0,1.398E-8
1.654E+2,1.008E+0,1.419E-8
1.652E+2,1.009E+0,1.430E-8
1.650E+2,1.008E+0,1.439E-8
1.648E+2,1.008E+0,1.450E-8
1.646E+2,1.009E+0,1.462E-8
1.644E+2,1.010E+0,1.482E-8
1.642E+2,1.008E+0,1.498E-8
1.640E+2,1.006E+0,1.514E-8
1.638E+2,1.011E+0,1.516E-8
1.636E+2,1.005E+0,1.530E-8
1.634E+2,1.009E+0,1.559E-8
1.632E+2,1.009E+0,1.572E-8
1.630E+2,1.007E+0,1.574E-8
1.628E+2,1.007E+0,1.612E-8
1.626E+2,1.008E+0,1.607E-8
1.624E+2,1.007E+0,1.640E-8
1.622E+2,1.009E+0,1.635E-8
1.620E+2,1.008E+0,1.668E-8
1.618E+2,1.008E+0,1.677E-8
1.616E+2,1.006E+0,1.699E-8
1.614E+2,1.009E+0,1.713E-8
1.612E+2,1.005E+0,1.735E-8
1.610E+2,1.011E+0,1.748E-8
1.608E+2,1.006E+0,1.765E-8
1.606E+2,1.006E+0,1.788E-8
1.604E+2,1.007E+0,1.802E-8
1.602E+2,1.007E+0,1.815E-8
1.600E+2,1.007E+0,1.836E-8
1.598E+2,1.007E+0,1.861E-8
1.596E+2,1.007E+0,1.879E-8
1.594E+2,1.007E+0,1.890E-8
1.592E+2,1.010E+0,1.928E-8
1.590E+2,1.006E+0,1.953E-8
1.588E+2,1.008E+0,1.968E-8
1.586E+2,1.007E+0,1.979E-8
1.584E+2,1.009E+0,2.006E-8
1.582E+2,1.006E+0,2.045E-8
1.580E+2,1.008E+0,2.036E-8
1.578E+2,1.009E+0,2.084E-8
1.576E+2,1.008E+0,2.094E-8
1.574E+2,1.007E+0,2.128E-8
1.572E+2,1.007E+0,2.141E-8
1.570E+2,1.007E+0,2.183E-8
1.568E+2,1.009E+0,2.178E-8
1.566E+2,1.008E+0,2.230E-8
1.564E+2,1.006E+0,2.262E-8
1.562E+2,1.010E+0,2.258E-8
1.560E+2,1.006E+0,2.288E-8
1.558E+2,1.008E+0,2.343E-8
1.556E+2,1.009E+0,2.352E-8
1.554E+2,1.007E+0,2.397E-8
1.552E+2,1.007E+0,2.417E-8
1.550E+2,1.007E+0,2.442E-8
1.548E+2,1.008E+0,2.471E-8
1.546E+2,1.009E+0,2.486E-8
1.544E+2,1.007E+0,2.526E-8
1.542E+2,1.005E+0,2.549E-8
1.540E+2,1.010E+0,2.590E-8
1.538E+2,1.006E+0,2.644E-8
1.536E+2,1.009E+0,2.655E-8
1.534E+2,1.005E+0,2.659E-8
1.532E+2,1.009E+0,2.739E-8
1.530E+2,1.008E+0,2.752E-8
1.528E+2,1.007E+0,2.775E-8
1.526E+2,1.007E+0,2.862E-8
1.524E+2,1.007E+0,2.822E-8
1.522E+2,1.008E+0,2.927E-8
1.520E+2,1.007E+0,2.923E-8
1.518E+2,1.006E+0,2.978E-8
1.516E+2,1.008E+0,3.042E-8
1.514E+2,1.008E+0,3.023E-8
1.512E+2,1.006E+0,3.076E-8
1.510E+2,1.009E+0,3.166E-8
1.508E+2,1.008E+0,3.192E-8
1.506E+2,1.005E+0,3.225E-8
1.504E+2,1.007E+0,3.254E-8
1.502E+2,1.008E+0,3.302E-8
1.500E+2,1.007E+0,3.356E-8
1.498E+2,1.007E+0,3.408E-8
1.496E+2,1.006E+0,3.459E-8
1.494E+2,1.008E+0,3.504E-8
1.492E+2,1.008E+0,3.518E-8
1.490E+2,1.004E+0,3.589E-8
1.488E+2,1.009E+0,3.653E-8
1.486E+2,1.005E+0,3.745E-8
1.484E+2,1.009E+0,3.732E-8
1.482E+2,1.005E+0,3.785E-8
1.480E+2,1.006E+0,3.927E-8
1.478E+2,1.007E+0,3.881E-8
1.476E+2,1.007E+0,4.002E-8
1.474E+2,1.007E+0,4.017E-8
1.472E+2,1.007E+0,4.126E-8
1.470E+2,1.007E+0,4.095E-8
1.468E+2,1.010E+0,4.273E-8
1.466E+2,1.006E+0,4.269E-8
1.464E+2,1.007E+0,4.292E-8
1.462E+2,1.008E+0,4.444E-8
1.460E+2,1.007E+0,4.501E-8
1.458E+2,1.006E+0,4.516E-8
1.456E+2,1.009E+0,4.578E-8
1.454E+2,1.008E+0,4.653E-8
1.452E+2,1.007E+0,4.734E-8
1.450E+2,1.007E+0,4.811E-8
1.448E+2,1.007E+0,4.885E-8
1.446E+2,1.007E+0,4.964E-8
1.444E+2,1.006E+0,5.050E-8
1.442E+2,1.008E+0,5.140E-8
1.440E+2,1.010E+0,5.149E-8
1.438E+2,1.005E+0,5.236E-8
1.436E+2,1.010E+0,5.345E-8
1.434E+2,1.006E+0,5.489E-8
1.432E+2,1.008E+0,5.472E-8
1.430E+2,1.009E+0,5.576E-8
1.428E+2,1.008E+0,5.693E-8
1.426E+2,1.008E+0,5.731E-8
1.424E+2,1.008E+0,5.909E-8
1.422E+2,1.008E+0,5.924E-8
1.420E+2,1.007E+0,6.089E-8
1.418E+2,1.006E+0,6.175E-8
1.416E+2,1.011E+0,6.189E-8
1.414E+2,1.007E+0,6.412E-8
1.412E+2,1.008E+0,6.507E-8
1.410E+2,1.007E+0,6.540E-8
1.408E+2,1.011E+0,6.656E-8
1.406E+2,1.007E+0,6.785E-8
1.404E+2,1.007E+0,6.919E-8
1.402E+2,1.009E+0,7.063E-8
1.400E+2,1.009E+0,7.182E-8
1.398E+2,1.009E+0,7.295E-8
1.396E+2,1.010E+0,7.419E-8
1.394E+2,1.011E+0,7.599E-8
1.392E+2,1.008E+0,7.737E-8
1.390E+2,1.008E+0,7.889E-8
1.388E+2,1.012E+0,7.929E-8
1.386E+2,1.007E+0,8.071E-8
1.384E+2,1.011E+0,8.292E-8
1.382E+2,1.011E+0,8.416E-8
1.380E+2,1.008E+0,8.443E-8
1.378E+2,1.008E+0,8.745E-8
1.376E+2,1.010E+0,8.699E-8
1.374E+2,1.009E+0,9.007E-8
1.372E+2,1.010E+0,8.987E-8
1.370E+2,1.011E+0,9.358E-8
1.368E+2,1.010E+0,9.278E-8
1.366E+2,1.007E+0,9.588E-8
1.364E+2,1.012E+0,9.740E-8
1.362E+2,1.007E+0,9.820E-8
1.360E+2,1.012E+0,9.944E-8
1.358E+2,1.007E+0,1.019E-7
1.356E+2,1.009E+0,1.043E-7
1.354E+2,1.011E+0,1.055E-7
1.352E+2,1.010E+0,1.069E-7
1.350E+2,1.010E+0,1.088E-7
1.348E+2,1.009E+0,1.106E-7
1.346E+2,1.009E+0,1.126E-7
1.344E+2,1.009E+0,1.135E-7
1.342E+2,1.012E+0,1.163E-7
1.340E+2,1.010E+0,1.191E-7
1.338E+2,1.008E+0,1.213E-7
1.336E+2,1.011E+0,1.218E-7
1.334E+2,1.010E+0,1.243E-7
1.332E+2,1.007E+0,1.285E-7
1.330E+2,1.011E+0,1.291E-7
1.328E+2,1.011E+0,1.317E-7
1.326E+2,1.010E+0,1.342E-7
1.324E+2,1.010E+0,1.368E-7
1.322E+2,1.009E+0,1.398E-7
1.320E+2,1.009E+0,1.425E-7
1.318E+2,1.011E+0,1.433E-7
1.316E+2,1.012E+0,1.482E-7
1.314E+2,1.007E+0,1.507E-7
1.312E+2,1.013E+0,1.525E-7
1.310E+2,1.007E+0,1.589E-7
1.308E+2,1.012E+0,2.237E-7
1.306E+2,1.011E+0,2.477E-7
1.304E+2,1.008E+0,1.049E-6
1.302E+2,1.009E+0,1.602E-6
1.300E+2,1.010E+0,1.599E-6
1.298E+2,1.010E+0,1.598E-6
1.296E+2,1.011E+0,1.593E-6
1.294E+2,1.010E+0,1.591E-6
1.292E+2,1.008E+0,1.583E-6
1.290E+2,1.012E+0,1.591E-6
1.288E+2,1.010E+0,1.557E-6
1.286E+2,1.010E+0,1.586E-6
1.284E+2,1.008E+0,1.571E-6
1.282E+2,1.013E+0,1.566E-6
1.280E+2,1.010E+0,1.559E-6
1.278E+2,1.009E+0,1.568E-6
1.276E+2,1.010E+0,1.544E-6
1.274E+2,1.010E+0,1.562E-6
1.272E+2,1.011E+0,1.539E-6
1.270E+2,1.011E+0,1.547E-6
1.268E+2,1.008E+0,1.534E-6
1.266E+2,1.010E+0,1.535E-6
1.264E+2,1.013E+0,1.539E-6
1.262E+2,1.007E+0,1.529E-6
1.260E+2,1.013E+0,1.521E-6
1.258E+2,1.010E+0,1.519E-6
1.256E+2,1.009E+0,1.511E-6
1.254E+2,1.011E+0,1.508E-6
1.252E+2,1.011E+0,1.508E-6
1.250E+2,1.011E+0,1.504E-6
1.248E+2,1.010E+0,1.500E-6
1.246E+2,1.010E+0,1.501E-6
1.244E+2,1.011E+0,1.500E-6
1.242E+2,1.013E+0,1.492E-6
1.240E+2,1.008E+0,1.485E-6
1.238E+2,1.012E+0,1.493E-6
1.236E+2,1.009E+0,1.458E-6
1.234E+2,1.014E+0,1.486E-6
1.232E+2,1.008E+0,1.480E-6
1.230E+2,1.010E+0,1.452E-6
1.228E+2,1.011E+0,1.471E-6
1.226E+2,1.011E+0,1.449E-6
1.224E+2,1.010E+0,1.466E-6
1.222E+2,1.010E+0,1.445E-6
1.220E+2,1.011E+0,1.464E-6
1.218E+2,1.013E+0,1.438E-6
1.216E+2,1.009E+0,1.431E-6
1.214E+2,1.010E+0,1.453E-6
1.212E+2,1.013E+0,1.426E-6
1.210E+2,1.009E+0,1.427E-6
1.208E+2,1.009E+0,1.416E-6
1.206E+2,1.013E+0,1.434E-6
1.204E+2,1.011E+0,1.422E-6
1.202E+2,1.011E+0,1.417E-6
1.200E+2,1.011E+0,1.410E-6
1.198E+2,1.011E+0,1.404E-6
1.196E+2,1.011E+0,1.397E-6
1.194E+2,1.009E+0,1.382E-6
1.192E+2,1.010E+0,1.401E-6
1.190E+2,1.014E+0,1.394E-6
1.188E+2,1.008E+0,1.387E-6
1.186E+2,1.014E+0,1.387E-6
1.184E+2,1.008E+0,1.368E-6
1.182E+2,1.012E+0,1.377E-6
1.180E+2,1.013E+0,1.378E-6
1.178E+2,1.012E+0,1.362E-6
1.176E+2,1.011E+0,1.373E-6
1.174E+2,1.011E+0,1.350E-6
1.172E+2,1.011E+0,1.359E-6
1.170E+2,1.010E+0,1.345E-6
1.168E+2,1.009E+0,1.342E-6
1.166E+2,1.014E+0,1.362E-6
1.164E+2,1.011E+0,1.327E-6
1.162E+2,1.011E+0,1.338E-6
1.160E+2,1.010E+0,1.322E-6
1.158E+2,1.014E+0,1.346E-6
1.156E+2,1.010E+0,1.328E-6
1.154E+2,1.010E+0,1.317E-6
1.152E+2,1.011E+0,1.315E-6
1.150E+2,1.012E+0,1.314E-6
1.148E+2,1.012E+0,1.312E-6
1.146E+2,1.012E+0,1.311E-6
1.144E+2,1.014E+0,1.306E-6
1.142E+2,1.011E+0,1.287E-6
1.140E+2,1.009E+0,1.294E-6
1.138E+2,1.015E+0,1.299E-6
1.136E+2,1.008E+0,1.293E-6
1.134E+2,1.013E+0,1.275E-6
1.132E+2,1.012E+0,1.289E-6
1.130E+2,1.010E+0,1.287E-6
1.128E+2,1.010E+0,1.262E-6
1.126E+2,1.012E+0,1.282E-6
1.124E+2,1.011E+0,1.260E-6
1.122E+2,1.013E+0,1.279E-6
1.120E+2,1.013E+0,1.256E-6
1.118E+2,1.013E+0,1.264E-6
1.116E+2,1.009E+0,1.253E-6
1.114E+2,1.014E+0,1.252E-6
1.112E+2,1.010E+0,1.239E-6
1.110E+2,1.015E+0,1.266E-6
1.108E+2,1.009E+0,1.239E-6
1.106E+2,1.012E+0,1.234E-6
1.104E+2,1.013E+0,1.238E-6
1.102E+2,1.013E+0,1.235E-6
1.100E+2,1.012E+0,1.230E-6
1.098E+2,1.012E+0,1.229E-6
1.096E+2,1.010E+0,1.221E-6
1.095E+2,1.010E+0,1.227E-6
1.092E+2,1.014E+0,1.226E-6
1.090E+2,1.012E+0,1.207E-6
1.088E+2,1.009E+0,1.206E-6
1.086E+2,1.014E+0,1.212E-6
1.084E+2,1.012E+0,1.217E-6
1.082E+2,1.008E+0,1.185E-6
1.080E+2,1.013E+0,1.205E-6
1.078E+2,1.013E+0,1.202E-6
1.076E+2,1.012E+0,1.190E-6
1.074E+2,1.012E+0,1.194E-6
1.072E+2,1.010E+0,1.179E-6
1.070E+2,1.010E+0,1.176E-6
1.068E+2,1.013E+0,1.198E-6
1.066E+2,1.013E+0,1.169E-6
1.064E+2,1.008E+0,1.165E-6
1.062E+2,1.016E+0,1.190E-6
1.060E+2,1.008E+0,1.162E-6
1.058E+2,1.013E+0,1.158E-6
1.056E+2,1.013E+0,1.162E-6
1.054E+2,1.011E+0,1.157E-6
1.052E+2,1.011E+0,1.153E-6
1.050E+2,1.012E+0,1.151E-6
1.049E+2,1.013E+0,1.149E-6
1.047E+2,1.013E+0,1.147E-6
1.044E+2,1.012E+0,1.143E-6
1.042E+2,1.009E+0,1.137E-6
1.040E+2,1.016E+0,1.145E-6
1.038E+2,1.013E+0,1.113E-6
1.037E+2,1.012E+0,1.136E-6
1.034E+2,1.009E+0,1.127E-6
1.032E+2,1.019E+0,1.127E-6
1.030E+2,1.012E+0,1.113E-6
1.028E+2,1.011E+0,1.125E-6
1.026E+2,1.014E+0,1.100E-6
1.024E+2,1.011E+0,1.119E-6
1.022E+2,1.017E+0,1.095E-6
1.020E+2,1.013E+0,1.109E-6
1.018E+2,1.009E+0,1.088E-6
1.016E+2,1.016E+0,1.093E-6
1.014E+2,1.014E+0,1.100E-6
1.012E+2,1.008E+0,1.086E-6
1.010E+2,1.019E+0,1.080E-6
1.008E+2,1.016E+0,1.080E-6
1.006E+2,1.010E+0,1.072E-6
1.004E+2,1.013E+0,1.069E-6
1.002E+2,1.014E+0,1.070E-6
1.000E+2,1.014E+0,1.067E-6
9.984E+1,1.013E+0,1.062E-6
9.964E+1,1.014E+0,1.063E-6
9.944E+1,1.017E+0,1.062E-6
9.924E+1,1.018E+0,1.055E-6
9.904E+1,1.010E+0,1.051E-6
9.884E+1,1.015E+0,1.056E-6
9.863E+1,1.011E+0,1.021E-6
9.844E+1,1.022E+0,1.050E-6
9.824E+1,1.011E+0,1.044E-6
9.803E+1,1.011E+0,1.014E-6
9.785E+1,1.019E+0,1.037E-6
9.763E+1,1.011E+0,1.012E-6
9.745E+1,1.019E+0,1.033E-6
9.723E+1,1.011E+0,1.008E-6
9.705E+1,1.020E+0,1.030E-6
9.683E+1,1.017E+0,1.001E-6
9.664E+1,1.013E+0,9.988E-7
9.645E+1,1.018E+0,1.019E-6
9.623E+1,1.016E+0,9.896E-7
9.602E+1,1.014E+0,9.944E-7
9.584E+1,1.014E+0,9.832E-7
9.566E+1,1.020E+0,1.002E-6
9.546E+1,1.018E+0,9.887E-7
9.525E+1,1.016E+0,9.813E-7
9.505E+1,1.016E+0,9.758E-7
9.484E+1,1.017E+0,9.724E-7
9.464E+1,1.016E+0,9.630E-7
9.444E+1,1.013E+0,9.487E-7
9.424E+1,1.016E+0,9.694E-7
9.404E+1,1.020E+0,9.652E-7
9.383E+1,1.013E+0,9.630E-7
9.363E+1,1.022E+0,9.633E-7
9.345E+1,1.013E+0,9.395E-7
9.324E+1,1.017E+0,9.577E-7
9.303E+1,1.021E+0,9.541E-7
9.285E+1,1.018E+0,9.395E-7
9.263E+1,1.019E+0,9.567E-7
9.245E+1,1.017E+0,9.263E-7
9.223E+1,1.018E+0,9.458E-7
9.205E+1,1.015E+0,9.265E-7
9.183E+1,1.017E+0,9.236E-7
9.163E+1,1.022E+0,9.487E-7
9.145E+1,1.015E+0,9.120E-7
9.123E+1,1.021E+0,9.188E-7
9.103E+1,1.016E+0,9.093E-7
9.083E+1,1.023E+0,9.355E-7
9.065E+1,1.017E+0,9.142E-7
9.045E+1,1.017E+0,9.047E-7
9.025E+1,1.018E+0,9.031E-7
9.005E+1,1.019E+0,9.021E-7
8.984E+1,1.020E+0,9.008E-7
8.964E+1,1.021E+0,8.999E-7
8.944E+1,1.022E+0,8.969E-7
8.924E+1,1.017E+0,8.688E-7
8.904E+1,1.019E+0,8.887E-7
8.884E+1,1.023E+0,8.900E-7
8.864E+1,1.018E+0,8.884E-7
8.844E+1,1.021E+0,8.590E-7
8.824E+1,1.023E+0,8.830E-7
8.804E+1,1.019E+0,8.846E-7
8.784E+1,1.019E+0,8.514E-7
8.764E+1,1.020E+0,8.792E-7
8.744E+1,1.022E+0,8.492E-7
8.724E+1,1.022E+0,8.766E-7
8.704E+1,1.024E+0,8.438E-7
8.684E+1,1.021E+0,8.626E-7
8.664E+1,1.018E+0,8.500E-7
8.644E+1,1.027E+0,8.402E-7
8.624E+1,1.018E+0,8.369E-7
8.604E+1,1.027E+0,8.677E-7
8.584E+1,1.020E+0,8.361E-7
8.564E+1,1.022E+0,8.319E-7
8.544E+1,1.026E+0,8.321E-7
8.524E+1,1.025E+0,8.325E-7
8.504E+1,1.024E+0,8.306E-7
8.484E+1,1.023E+0,8.282E-7
8.464E+1,1.022E+0,8.284E-7
8.444E+1,1.024E+0,8.292E-7
8.424E+1,1.029E+0,8.293E-7
8.404E+1,1.023E+0,7.983E-7
8.384E+1,1.026E+0,8.202E-7
8.364E+1,1.025E+0,8.220E-7
8.344E+1,1.029E+0,8.282E-7
8.324E+1,1.023E+0,7.899E-7
8.304E+1,1.026E+0,8.200E-7
8.284E+1,1.029E+0,8.018E-7
8.264E+1,1.028E+0,8.085E-7
8.244E+1,1.027E+0,8.091E-7
8.224E+1,1.027E+0,7.982E-7
8.204E+1,1.027E+0,7.886E-7
8.184E+1,1.031E+0,8.180E-7
8.164E+1,1.030E+0,7.812E-7
8.144E+1,1.026E+0,7.859E-7
8.124E+1,1.034E+0,8.121E-7
8.104E+1,1.027E+0,7.817E-7
8.084E+1,1.031E+0,7.771E-7
8.064E+1,1.035E+0,7.814E-7
8.044E+1,1.031E+0,7.777E-7
8.024E+1,1.031E+0,7.772E-7
8.004E+1,1.032E+0,7.753E-7
7.983E+1,1.034E+0,7.730E-7
7.964E+1,1.035E+0,7.712E-7
7.943E+1,1.032E+0,7.673E-7
7.924E+1,1.032E+0,7.704E-7
7.904E+1,1.040E+0,7.686E-7
7.884E+1,1.031E+0,7.361E-7
7.863E+1,1.041E+0,7.597E-7
7.843E+1,1.032E+0,7.544E-7
7.823E+1,1.040E+0,7.499E-7
7.803E+1,1.042E+0,7.329E-7
7.783E+1,1.039E+0,7.476E-7
7.763E+1,1.039E+0,7.185E-7
7.743E+1,1.041E+0,7.685E-7
7.723E+1,1.042E+0,7.575E-7
7.703E+1,1.041E+0,7.657E-7
7.683E+1,1.040E+0,7.331E-7
7.663E+1,1.047E+0,7.641E-7
7.643E+1,1.045E+0,7.588E-7
7.623E+1,1.046E+0,7.558E-7
7.603E+1,1.046E+0,7.546E-7
7.583E+1,1.051E+0,7.656E-7
7.563E+1,1.045E+0,7.880E-7
7.542E+1,1.046E+0,8.013E-7
7.523E+1,1.049E+0,7.776E-7
7.502E+1,1.049E+0,7.571E-7
7.482E+1,1.049E+0,7.405E-7
7.462E+1,1.051E+0,7.381E-7
7.442E+1,1.053E+0,7.353E-7
7.422E+1,1.046E+0,7.117E-7
7.402E+1,1.046E+0,7.233E-7
7.382E+1,1.051E+0,7.182E-7
7.362E+1,1.043E+0,7.054E-7
7.342E+1,1.045E+0,6.942E-7
7.322E+1,1.046E+0,7.039E-7
7.302E+1,1.037E+0,6.928E-7
7.283E+1,1.033E+0,6.833E-7
7.262E+1,1.035E+0,6.827E-7
7.243E+1,1.031E+0,6.728E-7
7.223E+1,1.030E+0,6.790E-7
7.204E+1,1.028E+0,6.771E-7
7.184E+1,1.020E+0,6.828E-7
7.164E+1,1.014E+0,6.417E-7
7.144E+1,1.021E+0,6.314E-7
7.125E+1,1.007E+0,6.235E-7
7.105E+1,1.014E+0,6.079E-7
7.085E+1,1.002E+0,5.864E-7
7.066E+1,1.003E+0,5.927E-7
7.044E+1,1.005E+0,5.900E-7
7.026E+1,1.003E+0,5.863E-7
7.005E+1,1.000E+0,5.866E-7
6.987E+1,9.982E-1,5.903E-7
6.965E+1,9.968E-1,5.904E-7
6.946E+1,9.967E-1,5.821E-7
6.925E+1,1.004E+0,5.962E-7
6.905E+1,9.974E-1,5.839E-7
6.885E+1,9.967E-1,6.022E-7
6.865E+1,1.001E+0,6.114E-7
6.845E+1,1.002E+0,6.005E-7
6.824E+1,9.955E-1,6.010E-7
6.804E+1,1.003E+0,6.289E-7
6.784E+1,1.005E+0,6.020E-7
6.763E+1,1.002E+0,6.462E-7
6.744E+1,1.002E+0,5.871E-7
6.722E+1,9.996E-1,5.602E-7
6.704E+1,1.000E+0,5.335E-7
6.683E+1,1.005E+0,5.390E-7
6.664E+1,1.002E+0,5.250E-7
6.643E+1,9.909E-1,5.161E-7
6.625E+1,9.984E-1,5.276E-7
6.601E+1,9.855E-1,5.112E-7
6.582E+1,9.889E-1,5.085E-7
6.563E+1,9.890E-1,5.051E-7
6.542E+1,9.799E-1,5.032E-7
6.525E+1,9.742E-1,5.034E-7
6.504E+1,9.706E-1,5.052E-7
6.485E+1,9.681E-1,5.074E-7
6.464E+1,9.684E-1,5.096E-7
6.444E+1,9.600E-1,5.107E-7
6.425E+1,9.555E-1,5.068E-7
6.405E+1,9.678E-1,5.138E-7
6.385E+1,9.551E-1,4.927E-7
6.365E+1,9.622E-1,5.080E-7
6.344E+1,9.534E-1,5.042E-7
6.325E+1,9.659E-1,4.981E-7
6.305E+1,9.612E-1,4.991E-7
6.284E+1,9.637E-1,5.017E-7
6.265E+1,9.602E-1,4.819E-7
6.244E+1,9.641E-1,5.000E-7
6.224E+1,9.686E-1,4.775E-7
6.204E+1,9.666E-1,4.917E-7
6.184E+1,9.623E-1,4.709E-7
6.164E+1,9.680E-1,4.732E-7
6.144E+1,9.730E-1,4.819E-7
6.124E+1,9.657E-1,4.705E-7
6.104E+1,9.743E-1,4.717E-7
6.084E+1,9.727E-1,4.679E-7
6.064E+1,9.678E-1,4.663E-7
6.044E+1,9.731E-1,4.641E-7
6.024E+1,9.752E-1,4.605E-7
6.004E+1,9.750E-1,4.451E-7
5.984E+1,9.750E-1,4.392E-7
5.964E+1,9.754E-1,4.393E-7
5.944E+1,9.802E-1,4.386E-7
5.924E+1,9.802E-1,4.388E-7
5.903E+1,9.716E-1,4.287E-7
5.884E+1,9.850E-1,4.411E-7
5.864E+1,9.731E-1,4.219E-7
5.844E+1,9.856E-1,4.370E-7
5.824E+1,9.778E-1,4.291E-7
5.804E+1,9.768E-1,4.223E-7
5.783E+1,9.802E-1,4.253E-7
5.764E+1,9.824E-1,4.232E-7
5.744E+1,9.815E-1,4.252E-7
5.724E+1,9.822E-1,4.235E-7
5.704E+1,9.842E-1,4.253E-7
5.684E+1,9.877E-1,4.223E-7
5.664E+1,9.793E-1,4.133E-7
5.643E+1,9.839E-1,4.213E-7
5.624E+1,9.849E-1,4.125E-7
5.604E+1,9.859E-1,4.184E-7
5.584E+1,9.802E-1,4.102E-7
5.564E+1,9.889E-1,4.200E-7
5.543E+1,9.884E-1,4.158E-7
5.523E+1,9.860E-1,4.090E-7
5.504E+1,9.860E-1,4.113E-7
5.483E+1,9.867E-1,4.141E-7
5.463E+1,9.850E-1,4.174E-7
5.443E+1,9.822E-1,4.057E-7
5.424E+1,9.880E-1,4.171E-7
5.404E+1,9.918E-1,4.259E-7
5.385E+1,9.800E-1,4.119E-7
5.364E+1,9.945E-1,4.339E-7
5.343E+1,9.833E-1,4.137E-7
5.324E+1,9.851E-1,4.137E-7
5.304E+1,9.933E-1,4.377E-7
5.284E+1,9.898E-1,4.255E-7
5.264E+1,9.887E-1,4.306E-7
5.244E+1,9.883E-1,4.290E-7
5.224E+1,9.879E-1,4.428E-7
5.204E+1,9.843E-1,4.144E-7
5.184E+1,9.889E-1,4.351E-7
5.164E+1,9.937E-1,4.274E-7
5.144E+1,9.837E-1,4.182E-7
5.124E+1,9.965E-1,4.282E-7
5.104E+1,9.836E-1,4.224E-7
5.084E+1,9.940E-1,4.363E-7
5.064E+1,9.874E-1,4.174E-7
5.044E+1,9.861E-1,4.166E-7
5.024E+1,9.897E-1,4.176E-7
5.004E+1,9.923E-1,4.165E-7
4.984E+1,9.936E-1,4.179E-7
4.964E+1,9.956E-1,4.182E-7
4.944E+1,9.944E-1,4.192E-7
4.924E+1,9.835E-1,4.098E-7
4.904E+1,9.880E-1,4.015E-7
4.884E+1,9.949E-1,4.118E-7
4.864E+1,9.892E-1,3.999E-7
4.844E+1,9.909E-1,4.108E-7
4.824E+1,9.954E-1,4.073E-7
4.804E+1,9.899E-1,3.909E-7
4.784E+1,9.867E-1,3.943E-7
4.764E+1,9.898E-1,3.928E-7
4.744E+1,9.915E-1,4.031E-7
4.724E+1,9.935E-1,3.901E-7
4.703E+1,9.945E-1,3.918E-7
4.684E+1,9.903E-1,3.972E-7
4.664E+1,9.859E-1,3.831E-7
4.643E+1,9.998E-1,3.961E-7
4.624E+1,9.843E-1,3.923E-7
4.604E+1,1.000E+0,3.995E-7
4.584E+1,9.876E-1,3.868E-7
4.563E+1,9.890E-1,3.938E-7
4.543E+1,9.957E-1,4.011E-7
4.523E+1,9.952E-1,4.054E-7
4.503E+1,9.932E-1,3.825E-7
4.484E+1,9.913E-1,3.993E-7
4.464E+1,9.896E-1,3.829E-7
4.443E+1,9.933E-1,4.043E-7
4.423E+1,1.000E+0,4.112E-7
4.404E+1,9.872E-1,3.980E-7
4.384E+1,9.950E-1,4.041E-7
4.364E+1,9.904E-1,4.136E-7
4.343E+1,9.997E-1,4.036E-7
4.324E+1,9.854E-1,4.087E-7
4.304E+1,9.913E-1,4.060E-7
4.284E+1,9.962E-1,4.326E-7
4.264E+1,9.947E-1,4.180E-7
4.243E+1,9.931E-1,4.231E-7
4.224E+1,9.909E-1,4.195E-7
4.204E+1,9.926E-1,4.284E-7
4.184E+1,9.997E-1,4.330E-7
4.164E+1,9.933E-1,4.454E-7
4.143E+1,9.881E-1,4.231E-7
4.123E+1,1.002E+0,4.511E-7
4.104E+1,9.885E-1,4.295E-7
4.084E+1,9.937E-1,4.599E-7
4.064E+1,1.002E+0,4.526E-7
4.043E+1,9.950E-1,4.457E-7
4.023E+1,9.932E-1,4.577E-7
4.003E+1,9.949E-1,4.658E-7
3.986E+1,9.942E-1,4.653E-7
3.966E+1,9.933E-1,4.675E-7
3.946E+1,9.875E-1,3.919E-7
3.926E+1,9.855E-1,3.675E-7
3.906E+1,1.001E+0,3.904E-7
3.886E+1,9.845E-1,3.829E-7
3.866E+1,9.977E-1,3.906E-7
3.846E+1,9.813E-1,3.764E-7
3.826E+1,9.984E-1,4.015E-7
3.806E+1,9.931E-1,3.922E-7
3.786E+1,9.864E-1,3.769E-7
3.766E+1,9.865E-1,3.990E-7
3.746E+1,9.891E-1,3.981E-7
3.726E+1,9.913E-1,3.825E-7
3.706E+1,9.908E-1,3.600E-7
3.686E+1,9.830E-1,3.615E-7
3.666E+1,9.880E-1,3.619E-7
3.646E+1,9.977E-1,3.514E-7
3.626E+1,9.789E-1,3.395E-7
3.606E+1,9.980E-1,3.618E-7
3.586E+1,9.865E-1,3.424E-7
3.566E+1,9.833E-1,3.458E-7
3.546E+1,9.927E-1,3.477E-7
3.526E+1,9.931E-1,3.453E-7
3.506E+1,9.905E-1,3.405E-7
3.486E+1,9.880E-1,3.443E-7
3.466E+1,9.859E-1,3.287E-7
3.446E+1,9.899E-1,3.046E-7
3.426E+1,9.994E-1,3.365E-7
3.406E+1,9.841E-1,3.024E-7
3.386E+1,9.899E-1,3.038E-7
3.366E+1,9.896E-1,3.284E-7
3.346E+1,9.947E-1,2.970E-7
3.326E+1,9.785E-1,3.061E-7
3.306E+1,9.910E-1,3.319E-7
3.286E+1,9.948E-1,3.221E-7
3.266E+1,9.915E-1,3.331E-7
3.246E+1,9.885E-1,3.311E-7
3.226E+1,9.859E-1,3.555E-7
3.206E+1,9.836E-1,3.142E-7
3.186E+1,9.910E-1,3.212E-7
3.166E+1,9.961E-1,3.244E-7
3.146E+1,9.773E-1,3.217E-7
3.126E+1,9.996E-1,3.107E-7
3.106E+1,9.771E-1,3.273E-7
3.086E+1,9.981E-1,3.486E-7
3.066E+1,9.898E-1,3.372E-7
3.046E+1,9.817E-1,3.164E-7
3.026E+1,9.848E-1,3.193E-7
3.006E+1,9.884E-1,3.213E-7
2.986E+1,9.902E-1,3.095E-7
2.966E+1,9.941E-1,3.105E-7
2.946E+1,9.942E-1,3.239E-7
2.926E+1,9.797E-1,3.373E-7
2.906E+1,9.853E-1,3.241E-7
2.886E+1,9.959E-1,3.136E-7
2.866E+1,9.769E-1,2.702E-7
2.846E+1,9.901E-1,2.863E-7
2.826E+1,9.937E-1,2.659E-7
2.806E+1,9.765E-1,2.570E-7
2.786E+1,9.765E-1,2.456E-7
2.766E+1,9.808E-1,2.402E-7
2.746E+1,9.837E-1,2.100E-7
2.726E+1,9.846E-1,2.113E-7
2.706E+1,9.899E-1,1.942E-7
2.686E+1,9.879E-1,1.962E-7
2.666E+1,9.732E-1,1.804E-7
2.646E+1,9.950E-1,1.615E-7
2.626E+1,9.799E-1,1.746E-7
2.606E+1,9.959E-1,1.568E-7
2.586E+1,9.742E-1,1.514E-7
2.566E+1,9.921E-1,1.563E-7
2.546E+1,9.951E-1,1.452E-7
2.526E+1,9.889E-1,1.652E-7
2.506E+1,9.875E-1,1.702E-7
2.486E+1,9.876E-1,1.761E-7
2.466E+1,9.844E-1,1.879E-7
2.446E+1,9.786E-1,1.519E-7
2.426E+1,9.902E-1,1.867E-7
2.406E+1,9.998E-1,1.795E-7
2.386E+1,9.715E-1,1.736E-7
2.366E+1,1.006E+0,1.788E-7
2.346E+1,9.727E-1,1.712E-7
2.326E+1,9.872E-1,1.793E-7
2.306E+1,1.001E+0,1.703E-7
2.286E+1,9.893E-1,1.698E-7
2.266E+1,9.835E-1,1.692E-7
2.246E+1,9.852E-1,1.753E-7
2.226E+1,9.881E-1,1.670E-7
2.206E+1,9.837E-1,1.644E-7
2.186E+1,9.782E-1,1.505E-7
2.166E+1,9.981E-1,1.589E-7
2.146E+1,9.851E-1,1.565E-7
2.126E+1,9.844E-1,1.474E-7
2.106E+1,9.879E-1,1.521E-7
2.086E+1,1.001E+0,1.424E-7
2.066E+1,9.732E-1,1.421E-7
2.046E+1,9.819E-1,1.443E-7
2.026E+1,9.891E-1,1.383E-7
2.006E+1,9.894E-1,1.325E-7
2.015E+1,9.950E-1,1.279E-7
2.020E+1,4.632E-1,1.982E-8
2.021E+1,1.144E-1,3.224E-11
2.028E+1,2.806E-2,1.907E-11
2.047E+1,8.783E-3,1.961E-11
9.977E+1,6.510E-3,1.982E-11
9.995E+1,5.968E-3,2.006E-11
9.995E+1,5.836E-3,2.020E-11
1.000E+2,6.064E-3,1.979E-11
1.002E+2,5.955E-3,2.007E-11
1.000E+2,5.931E-3,1.924E-11
1.001E+2,6.062E-3,2.074E-11
