50.0001,0,0.000000000843495
50.0047,0,0.000000000846434
50.0036,0,0.000000000847762
50.0011,0,0.000000000849213
50.003,0,0.000000000846379
50.0021,0,0.000000000846608
50.0042,0,0.000000000848845
50.0029,0,0.000000000849936
50.0028,0,0.000000000847962
50.0033,0,0.000000000847835
49.9998,0,0.000000000855216
50.0016,0,0.000000000851254
50.0021,0,0.00000000084509
50.0033,0,0.000000000848865
50.05,0,0.000000000860193
50.2491,0,0.000000000875133
50.4515,0,0.000000000815652
50.6509,0,0.000000000648932
50.8509,0,0.000000000750926
51.0495,0,0.000000000871725
51.2489,0,0.000000000661517
51.4511,0,0.000000000938139
51.6511,0,0.000000000847543
51.8489,0,0.000000000746562
52.0511,0,0.000000000906644
52.2502,0,0.000000000861097
52.4512,0,0.000000000820898
52.6502,0,0.000000000769538
52.853,0,0.00000000072092
53.0466,0,0.000000000658224
53.2526,0,0.000000000690073
53.4515,0,0.000000000585458
53.6503,0,0.000000000575991
53.851,0,0.000000000599754
54.0541,0,0.000000000626888
54.2521,0,0.000000000593831
54.4487,0,0.000000000603967
54.6497,0,0.000000000636324
54.8492,0,0.000000000651921
55.0466,0,0.000000000666221
55.2464,0,0.000000000676841
55.447,0,0.000000000702312
55.6508,0,0.000000000742141
55.8522,0,0.000000000722841
56.0528,0,0.000000000717911
56.2498,0,0.000000000799701
56.4502,0,0.000000000799624
56.6519,0,0.000000000788837
56.852,0,0.000000000832487
57.0507,0,0.000000000867052
57.2533,0,0.000000000815637
57.4499,0,0.000000000926213
57.6532,0,0.000000000854512
57.8492,0,0.000000000968078
58.0525,0,0.000000000916415
58.2542,0,0.000000000933835
58.4489,0,0.00000000102665
58.6522,0,0.000000000969983
58.8533,0,0.000000000993002
59.0507,0,0.00000000104121
59.2488,0,0.00000000109185
59.4477,0,0.00000000109296
59.6477,0,0.00000000110545
59.8481,0,0.00000000112136
60.0507,0,0.00000000114732
60.2522,0,0.00000000117411
60.4502,0,0.00000000118955
60.6522,0,0.00000000120045
60.8502,0,0.00000000121061
61.0502,0,0.00000000129847
61.2485,0,0.00000000130517
61.4492,0,0.00000000133287
61.6495,0,0.00000000129164
61.8505,0,0.00000000141234
62.0501,0,0.00000000139212
62.2497,0,0.00000000143253
62.4507,0,0.00000000146154
62.6493,0,0.00000000146889
62.8491,0,0.00000000149603
63.0464,0,0.00000000157094
63.2476,0,0.00000000151256
63.4492,0,0.00000000161929
63.6471,0,0.00000000164702
63.8482,0,0.00000000161046
64.0456,0,0.00000000164985
64.2489,0,0.00000000170112
64.4469,0,0.00000000176551
64.6475,0,0.00000000179002
64.8494,0,0.00000000181046
65.0441,0,0.00000000184368
65.2486,0,0.00000000186281
65.4498,0,0.0000000018784
65.6506,0,0.00000000190403
65.8453,0,0.0000000020063
66.0349,0,0.00000000199679
66.28,0,0.0000000020419
66.4813,0,0.00000000197239
66.6814,0,0.00000000208346
66.84,0,0.00000000213724
67.1065,0,0.00000000200483
67.2322,0,0.00000000212348
67.5056,0,0.00000000193818
67.6842,0,0.00000000206727
67.8592,0,0.00000000191074
68.0675,0,0.00000000202478
68.2948,0,0.00000000195825
68.4711,0,0.00000000194328
68.6467,0,0.00000000200788
68.8801,0,0.00000000199112
69.0409,0,0.00000000194459
69.284,0,0.00000000199961
69.4313,0,0.0000000020052
69.6382,0,0.00000000205703
69.8592,0,0.00000000210663
70.0551,0,0.00000000215
70.2494,0,0.00000000219664
70.4452,0,0.00000000226848
70.6457,0,0.00000000228543
70.8427,0,0.00000000237121
71.044,0,0.00000000238417
71.2366,0,0.00000000235941
71.4419,0,0.0000000025104
71.6434,0,0.00000000259448
71.8401,0,0.00000000252125
72.0359,0,0.000000002686
72.2416,0,0.00000000276096
72.4414,0,0.00000000278821
72.6433,0,0.00000000292127
72.8427,0,0.00000000299323
73.0443,0,0.00000000306932
73.2499,0,0.00000000338382
73.4486,0,0.00000000336072
73.6502,0,0.00000000355201
73.8548,0,0.00000000394127
74.0612,0,0.00000000418967
74.2643,0,0.0000000044788
74.4628,0,0.00000000476559
74.6673,0,0.00000000518141
74.8728,0,0.00000000566586
75.0723,0,0.00000000618837
75.2739,0,0.00000000677197
75.4756,0,0.00000000750786
75.6729,0,0.00000000807582
75.8713,0,0.00000000852633
76.073,0,0.00000000907277
76.2712,0,0.0000000101881
76.4716,0,0.0000000109409
76.6715,0,0.0000000109362
76.8698,0,0.0000000120627
77.0712,0,0.0000000127652
77.2676,0,0.0000000127113
77.4679,0,0.000000014216
77.6659,0,0.0000000138245
77.8666,0,0.0000000151809
78.062,0,0.0000000152278
78.2636,0,0.0000000155881
78.4621,0,0.0000000168395
78.6599,0,0.0000000167467
78.8626,0,0.0000000171077
79.0635,0,0.0000000177889
79.2633,0,0.0000000186603
79.4565,0,0.0000000193119
79.6577,0,0.0000000197848
79.858,0,0.0000000203348
80.0581,0,0.0000000208711
80.2596,0,0.0000000214711
80.4594,0,0.0000000221346
80.6576,0,0.0000000228217
80.8592,0,0.0000000237403
81.0593,0,0.0000000252116
81.2598,0,0.0000000261266
81.4584,0,0.000000025997
81.659,0,0.0000000276188
81.8582,0,0.0000000296109
82.0576,0,0.0000000289537
82.2584,0,0.0000000318849
82.4603,0,0.0000000318498
82.6579,0,0.0000000347678
82.8588,0,0.0000000343478
83.0573,0,0.0000000380664
83.2583,0,0.0000000381875
83.4569,0,0.0000000395922
83.6562,0,0.0000000428038
83.8597,0,0.0000000445295
84.0593,0,0.0000000454214
84.2559,0,0.0000000471269
84.4552,0,0.0000000499441
84.6598,0,0.0000000519559
84.8594,0,0.0000000536994
85.0572,0,0.0000000553417
85.2561,0,0.0000000568435
85.4569,0,0.0000000581905
85.6568,0,0.0000000597166
85.8574,0,0.0000000607422
86.0571,0,0.0000000620661
86.2567,0,0.0000000619447
86.459,0,0.0000000634718
86.6585,0,0.0000000674029
86.8587,0,0.0000000660628
87.0576,0,0.0000000684718
87.2573,0,0.0000000700819
87.4574,0,0.0000000698634
87.6578,0,0.0000000730893
87.8574,0,0.000000073058
88.0587,0,0.0000000737137
88.2573,0,0.0000000765854
88.4578,0,0.0000000752415
88.657,0,0.0000000768937
88.8586,0,0.0000000791581
89.0584,0,0.000000080166
89.2584,0,0.0000000800295
89.4597,0,0.0000000810537
89.6571,0,0.0000000820021
89.8543,0,0.0000000831026
90.0331,0,0.0000000845791
90.2319,0,0.0000000859521
90.4349,0,0.0000000862421
90.6454,0,0.0000000883435
90.8686,0,0.0000000878883
91.0823,0,0.0000000886551
91.2586,0,0.0000000896448
91.4376,0,0.000000093509
91.6707,0,0.0000000919245
91.8655,0,0.0000000920458
92.0414,0,0.0000000968633
92.2791,0,0.0000000935802
92.4383,0,0.0000000984267
92.6789,0,0.0000000954245
92.8422,0,0.000000100264
93.0691,0,0.0000000973162
93.2617,0,0.000000101263
93.4417,0,0.000000102948
93.6673,0,0.000000101181
93.871,0,0.000000102327
94.055,0,0.000000105083
94.2447,0,0.000000106053
94.451,0,0.00000010703
94.6545,0,0.000000107791
94.8587,0,0.000000108435
95.0383,0,0.00000010938
95.2278,0,0.000000110129
95.4161,0,0.000000110697
95.6169,0,0.00000011167
95.8437,0,0.000000112399
96.0875,0,0.000000113467
96.2842,0,0.000000117801
96.4352,0,0.000000115315
96.6532,0,0.00000011545
96.8827,0,0.000000120317
97.0357,0,0.000000117671
97.2783,0,0.000000120266
97.4433,0,0.000000120887
97.6732,0,0.00000012203
97.8435,0,0.000000121853
98.0738,0,0.000000125838
98.2537,0,0.000000121128
98.4516,0,0.00000012714
98.6689,0,0.000000128024
98.8639,0,0.000000126016
99.0552,0,0.000000126022
99.2531,0,0.000000129883
99.4557,0,0.000000130621
99.6595,0,0.000000131377
99.8577,0,0.000000131932
100.059,0,0.000000132486
100.259,0,0.000000133068
100.458,0,0.000000133967
100.665,0,0.000000134451
100.866,0,0.000000136675
101.058,0,0.000000139387
101.251,0,0.000000136835
101.462,0,0.000000137113
101.672,0,0.000000140495
101.844,0,0.000000140919
102.069,0,0.000000138877
102.257,0,0.00000014514
102.462,0,0.000000139998
102.656,0,0.000000146247
102.873,0,0.000000141215
103.038,0,0.000000147422
103.285,0,0.000000146818
103.46,0,0.000000143898
103.627,0,0.000000149172
103.867,0,0.000000149507
104.101,0,0.000000149287
104.288,0,0.000000148679
104.456,0,0.00000014858
104.629,0,0.000000151552
104.815,0,0.000000152257
105.056,0,0.000000152724
105.257,0,0.000000153209
105.464,0,0.000000154853
105.669,0,0.000000156416
105.874,0,0.000000156821
106.064,0,0.000000155149
106.246,0,0.000000155853
106.458,0,0.000000158805
106.678,0,0.000000159005
106.847,0,0.000000157171
107.062,0,0.000000161351
107.267,0,0.000000158907
107.452,0,0.000000161076
107.669,0,0.000000160624
107.859,0,0.000000163407
108.05,0,0.00000015917
108.282,0,0.000000164101
108.448,0,0.00000016324
108.646,0,0.000000160407
108.876,0,0.000000164914
109.081,0,0.000000164725
109.263,0,0.000000165346
109.446,0,0.000000165107
109.635,0,0.000000164766
109.833,0,0.000000165739
110.059,0,0.000000166888
110.259,0,0.000000168098
110.46,0,0.000000168338
110.662,0,0.000000167902
110.861,0,0.000000168878
111.061,0,0.00000016909
111.259,0,0.000000172617
111.46,0,0.00000017272
111.66,0,0.000000170892
111.86,0,0.000000174195
112.061,0,0.000000174321
112.26,0,0.000000172643
112.463,0,0.000000178465
112.662,0,0.000000173815
112.862,0,0.000000179475
113.06,0,0.000000178101
113.261,0,0.000000177574
113.461,0,0.000000181022
113.659,0,0.000000181378
113.86,0,0.000000178113
114.06,0,0.000000182548
114.26,0,0.000000183456
114.46,0,0.00000018412
114.66,0,0.000000184572
114.859,0,0.000000185348
115.061,0,0.000000186029
115.26,0,0.000000186683
115.459,0,0.000000187467
115.66,0,0.000000187977
115.862,0,0.000000188278
116.062,0,0.000000192332
116.264,0,0.000000192065
116.459,0,0.000000190415
116.662,0,0.000000191379
116.863,0,0.000000196516
117.06,0,0.000000192307
117.261,0,0.000000197738
117.462,0,0.000000193973
117.661,0,0.000000199142
117.861,0,0.0000001947
118.062,0,0.000000200487
118.261,0,0.00000019915
118.46,0,0.000000198878
118.663,0,0.00000020231
118.862,0,0.000000203353
119.061,0,0.00000020134
119.261,0,0.000000201051
119.461,0,0.000000204914
119.663,0,0.000000205678
119.86,0,0.000000206121
120.061,0,0.000000206674
120.262,0,0.000000207128
120.462,0,0.000000207561
120.661,0,0.000000210258
120.861,0,0.000000211899
121.061,0,0.000000210217
121.261,0,0.000000210188
121.461,0,0.00000021045
121.663,0,0.000000216721
121.862,0,0.000000211464
122.061,0,0.000000215177
122.262,0,0.000000214998
122.462,0,0.000000214764
122.662,0,0.000000218212
122.861,0,0.000000217485
123.063,0,0.000000217432
123.262,0,0.000000220861
123.461,0,0.000000219163
123.663,0,0.000000218839
123.862,0,0.000000222741
124.061,0,0.00000022302
124.262,0,0.000000223595
124.462,0,0.000000222377
124.662,0,0.000000224589
124.863,0,0.000000224612
125.061,0,0.000000226776
125.261,0,0.000000226917
125.463,0,0.0000002286
125.664,0,0.000000228536
125.863,0,0.000000227836
126.063,0,0.000000229038
126.264,0,0.000000229022
126.462,0,0.000000235334
126.662,0,0.000000230385
126.862,0,0.000000230662
127.064,0,0.000000236989
127.264,0,0.000000232
127.464,0,0.000000238347
127.662,0,0.000000232858
127.863,0,0.000000239176
128.062,0,0.000000236448
128.262,0,0.00000023856
128.461,0,0.000000240505
128.661,0,0.000000238666
128.863,0,0.000000238302
129.062,0,0.000000242763
129.263,0,0.000000242987
129.464,0,0.00000024332
129.664,0,0.000000244371
129.862,0,0.000000244569
130.063,0,0.00000024497
130.264,0,0.000000245311
130.463,0,0.000000245942
130.662,0,0.000000246822
130.863,0,0.000000247083
131.061,0,0.000000248868
131.264,0,0.00000025271
131.463,0,0.000000249002
131.664,0,0.000000249044
131.864,0,0.000000255765
132.063,0,0.000000250503
132.264,0,0.00000025398
132.464,0,0.000000253698
132.665,0,0.000000255654
132.864,0,0.000000254384
133.063,0,0.000000258521
133.264,0,0.000000253619
133.463,0,0.000000259266
133.663,0,0.00000025966
133.864,0,0.0000002594
134.062,0,0.000000256856
134.263,0,0.000000260298
134.463,0,0.000000262226
134.662,0,0.000000262449
134.863,0,0.000000262784
135.062,0,0.000000263296
135.264,0,0.000000263761
135.464,0,0.000000263831
135.664,0,0.000000264241
135.863,0,0.000000268489
136.064,0,0.000000268222
136.264,0,0.000000265979
136.463,0,0.000000265979
136.664,0,0.000000272223
136.864,0,0.000000268342
137.064,0,0.000000267873
137.263,0,0.000000273655
137.463,0,0.000000268546
137.663,0,0.000000275015
137.865,0,0.000000271706
138.064,0,0.000000273786
138.264,0,0.000000276369
138.465,0,0.000000271035
138.664,0,0.000000276973
138.864,0,0.000000276446
139.065,0,0.00000027833
139.262,0,0.000000276618
139.465,0,0.000000277498
139.665,0,0.00000027655
139.864,0,0.000000279276
140.065,0,0.000000280284
140.266,0,0.00000028219
140.465,0,0.000000282898
140.662,0,0.000000283867
140.864,0,0.000000281789
141.064,0,0.000000282421
141.266,0,0.000000282366
141.465,0,0.000000288142
141.664,0,0.000000284674
141.865,0,0.000000283946
142.065,0,0.000000290807
142.265,0,0.000000284739
142.465,0,0.000000290941
142.665,0,0.000000285892
142.864,0,0.000000291231
143.066,0,0.000000286263
143.264,0,0.000000293041
143.465,0,0.000000293528
143.666,0,0.000000289631
143.867,0,0.000000291981
144.063,0,0.000000294604
144.266,0,0.000000294708
144.466,0,0.000000295783
144.664,0,0.000000296098
144.865,0,0.000000296287
145.068,0,0.00000029683
145.267,0,0.000000297376
145.467,0,0.000000297495
145.665,0,0.000000298746
145.864,0,0.000000298834
146.064,0,0.000000298877
146.268,0,0.000000305356
146.466,0,0.00000030109
146.664,0,0.000000301327
146.867,0,0.000000306458
147.066,0,0.000000303326
147.265,0,0.000000306203
147.467,0,0.000000306589
147.666,0,0.00000030778
147.866,0,0.000000307557
148.068,0,0.000000311722
148.266,0,0.000000305867
148.466,0,0.000000313138
148.668,0,0.000000313683
148.866,0,0.000000311771
149.065,0,0.000000311067
149.266,0,0.000000316015
149.464,0,0.000000316325
149.667,0,0.000000316798
149.865,0,0.000000317711
150.066,0,0.000000318111
150.265,0,0.000000318626
150.466,0,0.000000319509
150.665,0,0.000000319537
150.863,0,0.000000324053
151.065,0,0.000000324358
151.266,0,0.000000321655
151.466,0,0.000000321867
151.666,0,0.000000327017
151.864,0,0.000000325488
152.064,0,0.000000323937
152.264,0,0.000000331335
152.465,0,0.000000324861
152.666,0,0.000000332332
152.865,0,0.000000326707
153.063,0,0.000000333155
153.265,0,0.000000333604
153.465,0,0.000000327825
153.662,0,0.000000335363
153.866,0,0.000000335123
154.067,0,0.000000336306
154.265,0,0.000000333801
154.464,0,0.000000334401
154.663,0,0.000000336421
154.862,0,0.00000033795
155.063,0,0.000000338698
155.265,0,0.000000339717
155.465,0,0.000000343486
155.664,0,0.00000034212
155.867,0,0.000000341957
156.066,0,0.000000341319
156.263,0,0.00000034117
156.465,0,0.000000346416
156.666,0,0.000000345109
156.865,0,0.000000343667
157.065,0,0.000000350442
157.267,0,0.000000344816
157.465,0,0.000000350229
157.666,0,0.000000346921
157.866,0,0.000000352441
158.065,0,0.000000345959
158.268,0,0.000000354171
158.464,0,0.000000353876
158.665,0,0.000000348578
158.865,0,0.000000354752
159.068,0,0.000000355721
159.266,0,0.000000355638
159.466,0,0.000000357058
159.665,0,0.000000356931
159.866,0,0.000000357312
160.042,0,0.000000358192
160.241,0,0.000000359267
160.441,0,0.000000359177
160.641,0,0.000000359577
160.842,0,0.000000360782
161.041,0,0.000000360515
161.242,0,0.000000365411
161.442,0,0.00000036461
161.64,0,0.000000362971
161.842,0,0.000000366806
162.042,0,0.000000366214
162.243,0,0.000000364242
162.443,0,0.000000371132
162.642,0,0.000000365792
162.842,0,0.000000372309
163.043,0,0.000000370635
163.243,0,0.000000368656
163.441,0,0.00000037349
163.641,0,0.000000374062
163.843,0,0.000000368949
164.043,0,0.0000003746
164.239,0,0.000000375642
164.44,0,0.000000375936
164.64,0,0.000000376096
164.84,0,0.000000376995
165.042,0,0.000000377446
165.242,0,0.000000377694
165.442,0,0.000000379173
165.644,0,0.000000378949
165.843,0,0.000000378962
166.039,0,0.000000384144
166.24,0,0.00000038311
166.441,0,0.000000380707
166.642,0,0.000000381573
166.842,0,0.000000389162
167.042,0,0.000000382373
167.242,0,0.00000038731
167.442,0,0.000000385161
167.641,0,0.000000388827
167.84,0,0.000000385733
168.041,0,0.000000391293
168.241,0,0.00000038608
168.443,0,0.000000391412
168.64,0,0.000000392436
168.84,0,0.000000392212
169.042,0,0.000000389072
169.24,0,0.000000393335
169.443,0,0.000000395185
169.644,0,0.00000039503
169.841,0,0.000000395724
170.043,0,0.000000396267
170.24,0,0.000000396869
170.44,0,0.000000397164
170.639,0,0.000000397199
170.843,0,0.000000402535
171.042,0,0.000000401432
171.243,0,0.00000039889
171.441,0,0.00000039973
171.643,0,0.000000404541
171.842,0,0.000000402673
172.042,0,0.000000401
172.242,0,0.000000408849
172.441,0,0.000000402312
172.643,0,0.000000409395
172.844,0,0.00000040288
173.042,0,0.000000410712
173.241,0,0.000000409649
173.441,0,0.000000405109
173.644,0,0.000000412158
173.845,0,0.000000412141
174.042,0,0.000000411593
174.242,0,0.000000410764
174.443,0,0.00000041024
174.642,0,0.000000414335
174.842,0,0.000000414924
175.043,0,0.000000415219
175.243,0,0.000000415518
175.441,0,0.000000416412
175.643,0,0.000000420675
175.843,0,0.000000420043
176.043,0,0.000000417215
176.243,0,0.00000041881
176.442,0,0.000000419746
176.642,0,0.000000424583
176.842,0,0.00000041963
177.043,0,0.000000423682
177.244,0,0.00000042348
177.443,0,0.000000424147
177.642,0,0.000000425059
177.843,0,0.000000426026
178.042,0,0.000000424885
178.244,0,0.000000429284
178.442,0,0.000000426941
178.642,0,0.000000425756
178.844,0,0.000000431426
179.043,0,0.000000431026
179.243,0,0.000000431772
179.444,0,0.000000430116
179.644,0,0.000000432537
179.844,0,0.000000431685
180.044,0,0.000000434081
180.243,0,0.000000435791
180.445,0,0.000000435364
180.643,0,0.000000437085
180.844,0,0.000000434912
181.044,0,0.000000436493
181.243,0,0.00000043586
181.444,0,0.000000443227
181.643,0,0.000000438412
181.843,0,0.000000437476
182.043,0,0.00000044566
182.243,0,0.000000438691
182.443,0,0.000000445612
182.643,0,0.000000439952
182.842,0,0.000000446871
183.043,0,0.000000440043
183.245,0,0.000000448117
183.444,0,0.000000448128
183.643,0,0.000000443378
183.842,0,0.000000447501
184.042,0,0.000000449633
184.244,0,0.000000449405
184.442,0,0.000000450712
184.645,0,0.000000450375
184.843,0,0.000000450614
185.044,0,0.000000451974
185.243,0,0.00000045346
185.444,0,0.000000452412
185.644,0,0.000000452614
185.843,0,0.000000453813
186.043,0,0.000000453396
186.243,0,0.000000458587
186.444,0,0.000000457485
186.644,0,0.000000455495
186.845,0,0.000000459378
187.044,0,0.00000045845
187.245,0,0.000000456271
187.445,0,0.000000463656
187.644,0,0.00000045737
187.845,0,0.000000464685
188.044,0,0.000000462237
188.244,0,0.00000046077
188.444,0,0.000000465303
188.644,0,0.000000465271
188.844,0,0.000000460718
189.044,0,0.00000046692
189.245,0,0.000000467344
189.443,0,0.000000467557
189.645,0,0.00000046784
189.844,0,0.000000468638
190.054,0,0.000000468727
190.254,0,0.000000468902
190.458,0,0.000000470076
190.653,0,0.000000469826
190.841,0,0.000000469894
191.031,0,0.000000474607
191.242,0,0.000000474429
191.455,0,0.000000471001
191.639,0,0.000000471257
191.84,0,0.000000479392
192.054,0,0.000000471566
192.235,0,0.000000476263
192.453,0,0.000000474493
192.637,0,0.000000474632
192.851,0,0.0000000357929
193.041,0,0.000000000478674
193.242,0,0.000000000463298
193.45,0,0.000000000469084
193.645,0,0.00000000045985
193.838,0,0.000000000459465
194.041,0,0.000000000455793
194.246,0,0.000000000457038
194.45,0,0.00000000045334
194.649,0,0.000000000449956
194.848,0,0.000000000446886
195.057,0,0.000000000447121
195.261,0,0.000000000444232
195.463,0,0.00000000044273
195.658,0,0.000000000437546
195.844,0,0.000000000438029
196.029,0,0.000000000440465
196.24,0,0.000000000430454
196.457,0,0.000000000434899
196.641,0,0.000000000433323
196.841,0,0.000000000426517
197.055,0,0.000000000429845
197.235,0,0.000000000423735
197.455,0,0.000000000423722
197.636,0,0.000000000421736
197.853,0,0.000000000422086
198.043,0,0.000000000412654
198.241,0,0.000000000421127
198.452,0,0.000000000411783
198.644,0,0.000000000407431
198.839,0,0.000000000409351
199.047,0,0.000000000414955
199.246,0,0.000000000407453
199.447,0,0.000000000403092
199.646,0,0.000000000396417
199.845,0,0.000000000395084
199.974,0,0.000000000393115
199.775,0,0.000000000395443
199.573,0,0.000000000396995
199.374,0,0.000000000398057
199.173,0,0.000000000405432
198.973,0,0.000000000412634
198.776,0,0.000000000414046
198.577,0,0.000000000411264
198.37,0,0.000000000407145
198.171,0,0.000000000420588
197.982,0,0.000000000415611
197.766,0,0.00000000041701
197.582,0,0.000000000425531
197.366,0,0.000000000418065
197.185,0,0.00000000042749
196.963,0,0.000000000428677
196.78,0,0.000000000429934
196.579,0,0.000000000433008
196.36,0,0.000000000431284
196.173,0,0.000000000432317
195.988,0,0.000000000441365
195.781,0,0.000000000441058
195.567,0,0.000000000442013
195.359,0,0.000000000441531
195.153,0,0.000000000444644
194.969,0,0.00000000044899
194.768,0,0.000000000448552
194.567,0,0.000000000451693
194.367,0,0.000000000454177
194.172,0,0.000000000457199
193.978,0,0.000000000455924
193.778,0,0.000000000464366
193.569,0,0.000000000466547
193.37,0,0.000000000464533
193.18,0,0.000000000465285
192.967,0,0.000000000474422
192.775,0,0.00000000046802
192.573,0,0.000000000478303
192.374,0,0.00000000047318
192.172,0,0.000000000481081
191.979,0,0.000000000476176
191.762,0,0.000000000486481
191.583,0,0.000000000483904
191.378,0,0.000000000488461
191.16,0,0.000000000487564
190.97,0,0.000000000495498
190.786,0,0.000000000494428
190.587,0,0.000000000498629
190.377,0,0.000000000498121
190.175,0,0.000000000500207
189.974,0,0.000000000503846
189.773,0,0.00000000050697
189.575,0,0.000000000508122
189.374,0,0.000000000516458
189.174,0,0.000000000512216
188.973,0,0.00000000051666
188.772,0,0.000000000517958
188.573,0,0.000000000521462
188.373,0,0.000000000524812
188.173,0,0.000000000527863
187.972,0,0.000000000530299
187.773,0,0.000000000531136
187.573,0,0.000000000534636
187.374,0,0.00000000053912
187.173,0,0.000000000541395
186.973,0,0.0000000005425
186.774,0,0.000000000545034
186.574,0,0.000000000547631
186.373,0,0.000000000553593
186.172,0,0.000000000555044
185.971,0,0.000000000555882
185.773,0,0.000000000560418
185.572,0,0.000000000561502
185.373,0,0.000000000564504
185.173,0,0.000000000569309
184.973,0,0.000000000569747
184.773,0,0.00000000057664
184.572,0,0.000000000576822
184.372,0,0.000000000580366
184.172,0,0.000000000583703
183.973,0,0.000000000591307
183.771,0,0.000000000588891
183.572,0,0.000000000593136
183.373,0,0.000000000596345
183.173,0,0.000000000600531
182.971,0,0.000000000600401
182.773,0,0.000000000610127
182.572,0,0.000000000602884
182.373,0,0.000000000615543
182.173,0,0.000000000611201
181.972,0,0.000000000620595
181.773,0,0.000000000622432
181.572,0,0.000000000623874
181.373,0,0.000000000629004
181.173,0,0.000000000635135
180.972,0,0.000000000631651
180.772,0,0.000000000636523
180.574,0,0.000000000643464
180.373,0,0.000000000645625
180.172,0,0.000000000648926
179.973,0,0.000000000652744
179.773,0,0.000000000657844
179.573,0,0.000000000658427
179.372,0,0.00000000066477
179.171,0,0.000000000670252
178.972,0,0.00000000067418
178.772,0,0.000000000671548
178.572,0,0.000000000680154
178.372,0,0.000000000689328
178.172,0,0.000000000687459
177.971,0,0.000000000691114
177.772,0,0.000000000701179
177.573,0,0.000000000693557
177.372,0,0.000000000709909
177.172,0,0.000000000701318
176.973,0,0.000000000716238
176.772,0,0.000000000721831
176.572,0,0.000000000713123
176.372,0,0.000000000731715
176.172,0,0.000000000731408
175.973,0,0.000000000734184
175.772,0,0.000000000731773
175.571,0,0.000000000741503
175.373,0,0.0000000007499
175.173,0,0.000000000753491
174.971,0,0.000000000754918
174.771,0,0.000000000758553
174.571,0,0.000000000764524
174.373,0,0.00000000077202
174.171,0,0.000000000781499
173.973,0,0.000000000779546
173.772,0,0.000000000785382
173.571,0,0.000000000781561
173.372,0,0.000000000802468
173.17,0,0.000000000801113
172.971,0,0.0000000007964
172.772,0,0.000000000812308
172.572,0,0.000000000810102
172.371,0,0.000000000822441
172.172,0,0.000000000820705
171.972,0,0.000000000836827
171.771,0,0.000000000832824
171.571,0,0.000000000835319
171.373,0,0.000000000849284
171.17,0,0.000000000847254
170.971,0,0.000000000857791
170.772,0,0.000000000860385
170.572,0,0.000000000871925
170.37,0,0.000000000873221
170.172,0,0.00000000087873
169.972,0,0.000000000886233
169.769,0,0.000000000890633
169.571,0,0.000000000896757
169.37,0,0.000000000902564
169.171,0,0.000000000910281
168.971,0,0.000000000907223
168.772,0,0.00000000092026
168.571,0,0.000000000930725
168.372,0,0.000000000931154
168.173,0,0.000000000939401
167.974,0,0.000000000948149
167.771,0,0.000000000947637
167.572,0,0.000000000960249
167.372,0,0.000000000960256
167.171,0,0.000000000974693
166.972,0,0.000000000966097
166.771,0,0.000000000982159
166.573,0,0.000000000988766
166.371,0,0.000000000989186
166.172,0,0.00000000100418
165.973,0,0.000000001007
165.773,0,0.00000000101974
165.571,0,0.00000000101911
165.371,0,0.00000000102548
165.169,0,0.00000000103966
164.977,0,0.00000000104482
164.775,0,0.00000000105386
164.574,0,0.00000000106235
164.374,0,0.00000000106971
164.172,0,0.00000000106683
163.969,0,0.00000000108426
163.769,0,0.00000000108645
163.57,0,0.00000000111096
163.37,0,0.00000000109652
163.171,0,0.00000000111131
162.969,0,0.00000000113554
162.769,0,0.00000000111936
162.569,0,0.00000000115314
162.37,0,0.00000000113605
162.168,0,0.00000000117034
161.969,0,0.00000000114774
161.77,0,0.00000000118188
161.57,0,0.00000000118871
161.371,0,0.00000000117914
161.17,0,0.0000000012092
160.97,0,0.00000000122339
160.772,0,0.00000000122769
160.57,0,0.00000000123652
160.37,0,0.00000000124231
160.172,0,0.00000000125617
159.987,0,0.00000000126929
159.792,0,0.00000000127707
159.593,0,0.0000000012923
159.392,0,0.00000000129735
159.192,0,0.00000000131512
158.994,0,0.00000000131927
158.794,0,0.00000000134203
158.593,0,0.0000000013641
158.392,0,0.00000000135948
158.196,0,0.00000000136646
157.993,0,0.00000000139568
157.795,0,0.00000000138786
157.594,0,0.00000000143077
157.394,0,0.00000000140678
157.195,0,0.0000000014531
156.995,0,0.00000000144321
156.794,0,0.00000000147477
156.595,0,0.00000000148223
156.394,0,0.00000000148398
156.194,0,0.00000000150278
155.994,0,0.00000000153646
155.796,0,0.00000000153575
155.596,0,0.00000000155685
155.395,0,0.00000000156853
155.193,0,0.0000000015843
154.992,0,0.00000000159793
154.792,0,0.00000000161331
154.593,0,0.00000000162815
154.394,0,0.00000000164246
154.195,0,0.00000000166589
153.996,0,0.0000000016648
153.795,0,0.00000000169815
153.593,0,0.00000000172136
153.395,0,0.00000000172996
153.195,0,0.00000000173813
152.993,0,0.00000000177803
152.795,0,0.00000000177677
152.594,0,0.00000000182396
152.394,0,0.0000000018129
152.194,0,0.00000000186304
151.994,0,0.00000000186213
151.793,0,0.00000000191376
151.595,0,0.00000000191654
151.395,0,0.00000000193399
151.193,0,0.00000000197367
150.994,0,0.00000000200679
150.794,0,0.00000000199779
150.593,0,0.00000000203472
150.39,0,0.00000000206652
150.194,0,0.00000000209632
149.995,0,0.00000000212708
149.791,0,0.00000000216123
149.592,0,0.00000000217243
149.39,0,0.00000000218275
149.193,0,0.00000000223122
148.991,0,0.00000000225667
148.791,0,0.00000000232776
148.592,0,0.00000000234995
148.39,0,0.00000000233581
148.191,0,0.00000000240242
147.992,0,0.00000000242638
147.79,0,0.00000000243867
147.593,0,0.00000000252412
147.391,0,0.00000000249944
147.191,0,0.00000000257915
146.989,0,0.00000000260015
146.793,0,0.00000000263035
146.59,0,0.00000000269104
146.391,0,0.00000000270769
146.194,0,0.000000002721
145.992,0,0.00000000280187
145.789,0,0.00000000282094
145.589,0,0.00000000288154
145.39,0,0.00000000291807
145.192,0,0.00000000295033
144.991,0,0.00000000298688
144.793,0,0.0000000030292
144.593,0,0.00000000305982
144.391,0,0.00000000310192
144.191,0,0.00000000315856
143.991,0,0.00000000318197
143.792,0,0.00000000329306
143.592,0,0.00000000330385
143.391,0,0.00000000331388
143.191,0,0.00000000341936
142.992,0,0.00000000344741
142.79,0,0.00000000347279
142.592,0,0.00000000358884
142.392,0,0.00000000356362
142.192,0,0.00000000369167
141.992,0,0.00000000370599
141.792,0,0.00000000376082
141.591,0,0.00000000386049
141.391,0,0.00000000387964
141.193,0,0.00000000392809
140.992,0,0.00000000404085
140.791,0,0.00000000409427
140.591,0,0.00000000414765
140.389,0,0.00000000422779
140.192,0,0.00000000429273
139.991,0,0.00000000436335
139.792,0,0.00000000443106
139.593,0,0.00000000449803
139.392,0,0.00000000459473
139.191,0,0.00000000465474
138.993,0,0.00000000474175
138.791,0,0.00000000486524
138.593,0,0.0000000049313
138.391,0,0.00000000499821
138.193,0,0.00000000513074
137.991,0,0.00000000519766
137.792,0,0.00000000529839
137.591,0,0.00000000540655
137.392,0,0.00000000550755
137.192,0,0.00000000560903
136.991,0,0.00000000575469
136.792,0,0.00000000579613
136.592,0,0.00000000596552
136.392,0,0.00000000612708
136.193,0,0.00000000617506
135.992,0,0.00000000630554
135.792,0,0.00000000647081
135.592,0,0.00000000658813
135.391,0,0.00000000677452
135.194,0,0.00000000690679
134.991,0,0.00000000703734
134.792,0,0.00000000717047
134.592,0,0.00000000729578
134.391,0,0.00000000751551
134.19,0,0.00000000764314
133.992,0,0.00000000791824
133.791,0,0.00000000812119
133.591,0,0.00000000813917
133.391,0,0.00000000837946
133.191,0,0.00000000877241
132.99,0,0.00000000873538
132.793,0,0.00000000908702
132.591,0,0.00000000923843
132.393,0,0.00000000954633
132.191,0,0.00000000971765
131.991,0,0.00000001011
131.791,0,0.0000000100686
131.592,0,0.0000000106116
131.391,0,0.0000000109498
131.192,0,0.0000000109611
130.992,0,0.0000000112762
130.791,0,0.0000000118307
130.59,0,0.0000000120374
130.39,0,0.0000000124538
130.189,0,0.0000000127862
129.991,0,0.0000000130985
129.792,0,0.0000000134027
129.593,0,0.0000000137569
129.391,0,0.0000000142525
129.191,0,0.0000000145031
128.991,0,0.0000000152563
128.791,0,0.0000000158214
128.592,0,0.0000000159138
128.389,0,0.000000016331
128.191,0,0.0000000174634
127.991,0,0.000000017515
127.79,0,0.0000000181189
127.593,0,0.0000000188853
127.391,0,0.0000000192917
127.191,0,0.000000020133
126.99,0,0.0000000208196
126.791,0,0.0000000209554
126.591,0,0.0000000224978
126.39,0,0.0000000230663
126.19,0,0.0000000232987
125.993,0,0.0000000243177
125.79,0,0.000000025734
125.59,0,0.0000000264696
125.391,0,0.0000000274716
125.191,0,0.0000000285432
124.992,0,0.0000000295895
124.794,0,0.0000000306512
124.591,0,0.0000000319981
124.392,0,0.0000000333369
124.192,0,0.0000000348357
123.989,0,0.0000000373279
123.791,0,0.0000000394889
123.591,0,0.0000000408309
123.392,0,0.0000000428185
123.19,0,0.0000000468016
122.992,0,0.0000000483289
122.789,0,0.000000051494
122.591,0,0.0000000550208
122.39,0,0.0000000578264
122.191,0,0.0000000618756
121.991,0,0.000000065952
121.791,0,0.0000000684681
121.591,0,0.000000074827
121.39,0,0.0000000789407
121.193,0,0.0000000827272
120.991,0,0.0000000900942
120.79,0,0.000000160158
120.59,0,0.000000207918
120.39,0,0.000000207936
120.19,0,0.000000207086
119.991,0,0.000000206552
119.791,0,0.00000020603
119.59,0,0.000000205054
119.388,0,0.000000205062
119.189,0,0.000000203244
118.991,0,0.000000199914
118.792,0,0.000000202715
118.59,0,0.000000202216
118.389,0,0.000000200083
118.192,0,0.000000197902
117.991,0,0.000000200684
117.792,0,0.000000194611
117.59,0,0.000000199457
117.39,0,0.000000193619
117.19,0,0.000000198499
116.992,0,0.000000192378
116.79,0,0.000000194688
116.59,0,0.000000192998
116.39,0,0.0000001907
116.189,0,0.000000189733
115.99,0,0.000000192783
115.792,0,0.000000190162
115.589,0,0.00000018761
115.391,0,0.00000018737
115.192,0,0.000000186839
114.991,0,0.000000186034
114.79,0,0.000000185265
114.591,0,0.000000184759
114.391,0,0.0000001844
114.19,0,0.000000181538
113.989,0,0.0000001794
113.791,0,0.000000182419
113.591,0,0.000000181574
113.39,0,0.000000178836
113.188,0,0.000000177735
112.991,0,0.000000179883
112.789,0,0.000000173871
112.591,0,0.000000178874
112.389,0,0.000000172961
112.191,0,0.000000177947
111.99,0,0.000000171914
111.791,0,0.000000174139
111.589,0,0.000000172969
111.388,0,0.000000170346
111.189,0,0.000000169464
110.989,0,0.000000172192
110.792,0,0.000000170867
110.592,0,0.000000168037
110.392,0,0.000000167534
110.192,0,0.000000167275
109.974,0,0.000000166733
109.777,0,0.000000166164
109.586,0,0.000000165992
109.401,0,0.000000165515
109.213,0,0.000000162882
109.005,0,0.0000001619
108.776,0,0.000000164749
108.573,0,0.000000164354
108.412,0,0.000000161753
108.191,0,0.000000161479
107.972,0,0.000000163884
107.81,0,0.00000015835
107.569,0,0.000000163502
107.408,0,0.000000157966
107.17,0,0.000000162964
107.006,0,0.000000157345
106.779,0,0.000000159087
106.583,0,0.000000159512
106.406,0,0.000000156123
106.186,0,0.000000155554
105.974,0,0.000000158184
105.786,0,0.000000156672
105.596,0,0.000000154493
105.398,0,0.000000153621
105.196,0,0.0000001532
104.995,0,0.000000152712
104.84,0,0.000000152226
104.633,0,0.000000151764
104.412,0,0.000000150605
104.178,0,0.000000148618
103.953,0,0.000000147315
103.772,0,0.000000149632
103.618,0,0.000000148891
103.392,0,0.000000144357
103.164,0,0.000000146646
103.013,0,0.000000146899
102.776,0,0.000000141639
102.596,0,0.000000146114
102.381,0,0.000000140109
102.199,0,0.000000144604
101.975,0,0.000000139197
101.805,0,0.000000139206
101.585,0,0.00000014238
101.379,0,0.000000136994
101.197,0,0.000000136369
100.995,0,0.000000137814
100.787,0,0.000000137858
100.584,0,0.00000013582
100.385,0,0.000000133774
100.187,0,0.000000133087
99.9891,0,0.000000132527
99.7912,0,0.000000131945
99.5905,0,0.000000131263
99.3935,0,0.00000012945
99.1914,0,0.000000127534
98.9849,0,0.00000012753
98.779,0,0.000000128469
98.5923,0,0.000000128095
98.3989,0,0.000000122635
98.1745,0,0.00000012545
97.994,0,0.000000125277
97.7943,0,0.000000120617
97.58,0,0.000000124069
97.401,0,0.000000118638
97.1815,0,0.000000121699
96.9865,0,0.000000117627
96.8086,0,0.000000116889
96.56,0,0.000000119557
96.3923,0,0.000000114785
96.2231,0,0.000000114299
95.9878,0,0.000000113806
95.7489,0,0.000000114386
95.5525,0,0.000000113133
95.376,0,0.000000111002
95.1966,0,0.000000110039
95.0098,0,0.000000109272
94.7863,0,0.000000108507
94.5855,0,0.000000107411
94.3803,0,0.000000105197
94.1761,0,0.000000104022
93.9841,0,0.000000104965
93.7988,0,0.000000104241
93.596,0,0.000000103105
93.3731,0,0.0000000988498
93.1904,0,0.000000101958
93.0008,0,0.0000000993448
92.7706,0,0.0000000976575
92.6086,0,0.0000000986744
92.3676,0,0.0000000949599
92.2068,0,0.0000000958161
91.9708,0,0.0000000944333
91.7985,0,0.0000000917685
91.6009,0,0.0000000944321
91.3669,0,0.0000000907737
91.1852,0,0.0000000894534
91.0096,0,0.0000000886115
90.8049,0,0.0000000895545
90.5842,0,0.0000000879714
90.3698,0,0.0000000866318
90.1636,0,0.0000000852261
89.9871,0,0.0000000840936
89.7868,0,0.0000000828853
89.586,0,0.0000000813149
89.3837,0,0.0000000799735
89.1887,0,0.0000000783367
88.988,0,0.0000000796053
88.7895,0,0.0000000786454
88.5883,0,0.0000000768604
88.3875,0,0.0000000746514
88.1874,0,0.0000000762478
87.9889,0,0.0000000734505
87.7851,0,0.0000000725751
87.5875,0,0.0000000721596
87.3879,0,0.0000000700308
87.1859,0,0.0000000695117
86.9884,0,0.0000000683285
86.7876,0,0.0000000653786
86.588,0,0.0000000662424
86.3898,0,0.0000000641012
86.1878,0,0.0000000616159
85.9857,0,0.0000000604053
85.7898,0,0.0000000605244
85.5869,0,0.0000000583912
85.3897,0,0.0000000575384
85.1897,0,0.0000000559249
84.9865,0,0.0000000545124
84.784,0,0.0000000524687
84.589,0,0.0000000501497
84.3872,0,0.0000000488295
84.1917,0,0.0000000462574
83.9873,0,0.0000000454428
83.7873,0,0.0000000439664
83.5871,0,0.0000000407301
83.3875,0,0.0000000385877
83.1865,0,0.0000000384283
82.9866,0,0.000000035677
82.7875,0,0.0000000338933
82.5882,0,0.0000000330229
82.3852,0,0.0000000310737
82.1888,0,0.0000000303924
81.9858,0,0.0000000290957
81.7861,0,0.000000027246
81.5867,0,0.0000000273468
81.3862,0,0.0000000260801
81.1848,0,0.0000000242613
80.9851,0,0.0000000237686
80.7862,0,0.0000000233582
80.585,0,0.0000000223639
80.3884,0,0.0000000215655
80.1837,0,0.0000000208111
79.9874,0,0.0000000200268
79.7885,0,0.0000000192907
79.5859,0,0.0000000187707
79.383,0,0.0000000180251
79.1824,0,0.0000000174065
78.9818,0,0.0000000171781
78.7845,0,0.0000000168862
78.5822,0,0.0000000158587
78.3803,0,0.0000000152413
78.1795,0,0.0000000153578
77.9812,0,0.0000000143603
77.7792,0,0.0000000139042
77.5778,0,0.0000000137021
77.3786,0,0.0000000129226
77.1765,0,0.0000000127084
76.9752,0,0.0000000122386
76.7727,0,0.0000000114359
76.5754,0,0.0000000112921
76.3752,0,0.000000010677
76.1726,0,0.00000000983699
75.9738,0,0.00000000951755
75.7748,0,0.0000000089489
75.5714,0,0.00000000849296
75.3707,0,0.00000000787221
75.1744,0,0.00000000734421
74.9724,0,0.00000000685619
74.7745,0,0.00000000638358
74.5819,0,0.00000000589735
74.3774,0,0.00000000543296
74.1772,0,0.00000000509067
73.9841,0,0.00000000479627
73.7841,0,0.00000000451595
73.5868,0,0.00000000411705
73.3952,0,0.0000000038356
73.1961,0,0.00000000376354
72.9958,0,0.00000000339235
72.7984,0,0.00000000331145
72.6004,0,0.00000000312205
72.4042,0,0.00000000298439
72.2019,0,0.00000000283367
72.0015,0,0.00000000279902
71.8069,0,0.0000000026009
71.6014,0,0.00000000258771
71.4017,0,0.00000000250697
71.2037,0,0.00000000238722
71.0039,0,0.00000000232793
70.8022,0,0.00000000227736
70.5965,0,0.00000000224408
70.3858,0,0.00000000217624
70.1955,0,0.00000000212307
69.9889,0,0.00000000206559
69.8038,0,0.00000000203264
69.5843,0,0.00000000198427
69.38,0,0.00000000193554
69.1695,0,0.00000000192578
68.9642,0,0.00000000190373
68.7805,0,0.0000000018881
68.5753,0,0.0000000018562
68.386,0,0.00000000185933
68.1833,0,0.00000000189401
67.9684,0,0.00000000187998
67.7672,0,0.00000000195519
67.5683,0,0.00000000193585
67.3633,0,0.00000000203953
67.1796,0,0.00000000204735
66.9738,0,0.00000000212455
66.7766,0,0.00000000214416
66.5817,0,0.00000000213886
66.3963,0,0.00000000219795
66.191,0,0.00000000218842
65.9914,0,0.00000000213895
65.7964,0,0.00000000207603
65.5867,0,0.0000000020228
65.3969,0,0.00000000200721
65.196,0,0.00000000194627
64.997,0,0.00000000188609
64.7959,0,0.00000000183148
64.5949,0,0.00000000178109
64.3968,0,0.00000000175688
64.1957,0,0.00000000173473
63.9938,0,0.0000000016647
63.7937,0,0.00000000162092
63.5939,0,0.00000000157089
63.3938,0,0.00000000160981
63.1922,0,0.00000000152326
62.9929,0,0.00000000149184
62.7935,0,0.00000000151753
62.5926,0,0.00000000141882
62.392,0,0.0000000014732
62.1931,0,0.00000000136774
61.9927,0,0.00000000139769
61.7916,0,0.00000000137301
61.5917,0,0.00000000127958
61.3916,0,0.00000000132613
61.1905,0,0.00000000130348
60.9918,0,0.00000000124716
60.7904,0,0.00000000120002
60.5914,0,0.00000000120012
60.3885,0,0.00000000119953
60.1916,0,0.00000000116878
59.9865,0,0.00000000113657
59.7866,0,0.00000000110401
59.5888,0,0.00000000107823
59.3879,0,0.00000000107827
59.1915,0,0.00000000107861
58.9944,0,0.00000000103799
58.787,0,0.000000000983455
58.586,0,0.000000000969879
58.3926,0,0.00000000100346
58.1906,0,0.00000000092855
57.9868,0,0.000000000912163
57.7924,0,0.000000000946931
57.5882,0,0.000000000857021
57.3899,0,0.000000000904
57.1871,0,0.000000000816083
56.9903,0,0.000000000844792
56.7901,0,0.000000000837117
56.5874,0,0.000000000777404
56.3918,0,0.000000000784997
56.1894,0,0.000000000792264
55.9866,0,0.000000000725575
55.786,0,0.000000000711574
55.5868,0,0.000000000716658
55.3921,0,0.00000000070339
55.1919,0,0.000000000679041
54.9935,0,0.000000000656659
54.7931,0,0.00000000064105
54.5923,0,0.00000000062375
54.3904,0,0.000000000606899
54.1881,0,0.000000000617044
53.9898,0,0.000000000601964
53.7874,0,0.000000000561012
53.593,0,0.000000000605201
53.3876,0,0.000000000623045
53.1872,0,0.000000000581176
52.9935,0,0.000000000674952
52.7847,0,0.000000000713992
52.5894,0,0.000000000747443
52.3866,0,0.000000000809185
52.1893,0,0.000000000814419
51.9879,0,0.000000000816288
51.7903,0,0.000000000937019
51.5877,0,0.00000000086556
51.3902,0,0.000000000739855
51.1893,0,0.000000000958168
50.9911,0,0.000000000678814
50.7885,0,0.000000000801254
50.5877,0,0.000000000847202
50.3885,0,0.000000000651067
50.1892,0,0.000000000545903
50.0247,0,0.000000000514379
50.1629,0,0.000000000164028
50.1534,0,0.00000000000856677
